5 0.3080357142857143 0.3325892857142857 0.08258928571428571 0.07142857142857142
5 0.13616071428571427 0.65625 0.078125 0.09151785714285714
5 0.06919642857142858 0.7991071428571429 0.08705357142857142 0.09375
5 0.10044642857142858 0.9508928571428571 0.09151785714285714 0.08482142857142858
5 0.22991071428571427 0.9776785714285714 0.05803571428571429 0.044642857142857144
5 0.28794642857142855 0.6227678571428571 0.125 0.09598214285714286
5 0.4575892857142857 0.6272321428571429 0.08928571428571429 0.10714285714285714
5 0.8683035714285714 0.3013392857142857 0.16741071428571427 0.12276785714285714
5 0.9821428571428571 0.18526785714285715 0.033482142857142856 0.10044642857142858
5 0.5267857142857143 0.5066964285714286 0.18080357142857142 0.12276785714285714
5 0.375 0.5446428571428571 0.16071428571428573 0.12946428571428573