0 0.520089 0.529018 0.388393 0.406250
0 0.629464 0.296875 0.062500 0.084821
0 0.145089 0.314732 0.093750 0.084821
8 0.691964 0.283482 0.205357 0.191964
8 0.872768 0.421875 0.174107 0.183036
8 0.758929 0.712054 0.178571 0.200893
8 0.696429 0.812500 0.187500 0.196429
8 0.910714 0.810268 0.178571 0.218750
8 0.348214 0.247768 0.214286 0.245536
8 0.727679 0.084821 0.258929 0.160714
8 0.104911 0.098214 0.200893 0.187500
8 0.216518 0.526786 0.209821 0.223214
8 0.301339 0.861607 0.254464 0.223214
8 0.062500 0.917411 0.116071 0.165179
8 0.558036 0.944196 0.241071 0.111607
8 0.044643 0.459821 0.080357 0.214286
8 0.033482 0.674107 0.058036 0.169643
8 0.868304 0.970982 0.218750 0.058036
8 0.035714 0.229911 0.062500 0.147321
8 0.973214 0.062500 0.053571 0.116071
8 0.962054 0.290179 0.075893 0.169643
8 0.973214 0.625000 0.053571 0.169643
