0 0.475446 0.502232 0.486607 0.388393
0 0.515625 0.171875 0.093750 0.084821
8 0.680804 0.203125 0.218750 0.209821
8 0.750000 0.700893 0.214286 0.223214
8 0.904018 0.845982 0.191964 0.218750
8 0.921875 0.520089 0.156250 0.245536
8 0.950893 0.285714 0.098214 0.169643
8 0.966518 0.093750 0.066964 0.133929
8 0.783482 0.044643 0.218750 0.080357
8 0.540179 0.051339 0.214286 0.093750
8 0.388393 0.205357 0.214286 0.232143
8 0.196429 0.071429 0.241071 0.133929
8 0.127232 0.241071 0.218750 0.187500
8 0.218750 0.439732 0.196429 0.200893
8 0.252232 0.629464 0.174107 0.205357
8 0.075893 0.607143 0.142857 0.223214
8 0.149554 0.819196 0.174107 0.200893
8 0.433036 0.763393 0.223214 0.151786
8 0.397321 0.910714 0.241071 0.160714
8 0.607143 0.955357 0.196429 0.089286
8 0.267857 0.959821 0.214286 0.080357
8 0.075893 0.966518 0.142857 0.066964
