0 0.506696 0.477679 0.370536 0.419643
0 0.131696 0.549107 0.058036 0.062500
8 0.305804 0.283482 0.200893 0.218750
8 0.524554 0.183036 0.254464 0.232143
8 0.832589 0.261161 0.209821 0.245536
8 0.792411 0.535714 0.191964 0.223214
8 0.928571 0.709821 0.142857 0.241071
8 0.926339 0.803571 0.147321 0.205357
8 0.758929 0.870536 0.196429 0.214286
8 0.553571 0.926339 0.196429 0.147321
8 0.444196 0.899554 0.200893 0.200893
8 0.285714 0.933036 0.196429 0.133929
8 0.281250 0.750000 0.205357 0.196429
8 0.256696 0.622768 0.200893 0.191964
8 0.084821 0.674107 0.160714 0.223214
8 0.058036 0.395089 0.107143 0.227679
8 0.138393 0.183036 0.187500 0.241071
8 0.080357 0.116071 0.151786 0.196429
8 0.366071 0.073661 0.241071 0.138393
8 0.685268 0.053571 0.236607 0.098214
8 0.915179 0.071429 0.169643 0.133929
