0 0.502232 0.502232 0.316964 0.308036
8 0.363839 0.154018 0.227679 0.254464
8 0.234375 0.357143 0.227679 0.214286
8 0.263393 0.562500 0.187500 0.223214
8 0.366071 0.776786 0.223214 0.232143
8 0.685268 0.841518 0.209821 0.236607
8 0.837054 0.676339 0.218750 0.165179
8 0.930804 0.683036 0.138393 0.214286
8 0.886161 0.258929 0.209821 0.267857
8 0.662946 0.200893 0.281250 0.303571
8 0.850446 0.075893 0.218750 0.142857
8 0.087054 0.087054 0.165179 0.165179
8 0.060268 0.265625 0.111607 0.191964
8 0.051339 0.551339 0.093750 0.236607
8 0.133929 0.897321 0.258929 0.205357
8 0.506696 0.926339 0.245536 0.147321
8 0.868304 0.955357 0.200893 0.089286
8 0.386161 0.950893 0.200893 0.098214
8 0.962054 0.435268 0.075893 0.227679
