0 0.495536 0.517857 0.366071 0.339286
0 0.645089 0.828125 0.066964 0.066964
0 0.901786 0.582589 0.071429 0.058036
0 0.897321 0.247768 0.071429 0.084821
0 0.975446 0.258929 0.049107 0.071429
8 0.113839 0.178571 0.218750 0.285714
8 0.214286 0.406250 0.258929 0.232143
8 0.178571 0.660714 0.312500 0.267857
8 0.294643 0.888393 0.303571 0.223214
8 0.064732 0.875000 0.120536 0.241071
8 0.763393 0.671875 0.223214 0.290179
8 0.933036 0.790179 0.133929 0.258929
8 0.727679 0.285714 0.267857 0.250000
8 0.781250 0.055804 0.178571 0.102679
8 0.946429 0.091518 0.107143 0.174107
8 0.223214 0.035714 0.241071 0.062500
8 0.549107 0.017857 0.205357 0.026786
8 0.933036 0.979911 0.133929 0.040179
8 0.975446 0.366071 0.049107 0.169643
