0 0.495536 0.566964 0.366071 0.383929
8 0.660714 0.167411 0.241071 0.209821
8 0.325893 0.147321 0.276786 0.241071
8 0.095982 0.095982 0.183036 0.183036
8 0.198661 0.488839 0.218750 0.236607
8 0.102679 0.703125 0.196429 0.209821
8 0.321429 0.779018 0.196429 0.209821
8 0.558036 0.852679 0.241071 0.223214
8 0.787946 0.868304 0.236607 0.218750
8 0.801339 0.676339 0.245536 0.263393
8 0.881696 0.466518 0.236607 0.227679
8 0.935268 0.243304 0.129464 0.245536
8 0.837054 0.091518 0.209821 0.174107
8 0.959821 0.799107 0.080357 0.178571
8 0.428571 0.964286 0.196429 0.071429
