0 0.508929 0.500000 0.321429 0.410714
8 0.821429 0.223214 0.205357 0.232143
8 0.747768 0.404018 0.191964 0.200893
8 0.861607 0.531250 0.205357 0.214286
8 0.944196 0.352679 0.111607 0.178571
8 0.587054 0.093750 0.281250 0.178571
8 0.828125 0.051339 0.227679 0.093750
8 0.225446 0.142857 0.245536 0.232143
8 0.087054 0.285714 0.165179 0.196429
8 0.207589 0.491071 0.227679 0.187500
8 0.214286 0.562500 0.241071 0.205357
8 0.069196 0.727679 0.129464 0.160714
8 0.254464 0.783482 0.205357 0.209821
8 0.055804 0.832589 0.102679 0.191964
8 0.412946 0.955357 0.236607 0.089286
8 0.636161 0.950893 0.200893 0.098214
8 0.863839 0.935268 0.218750 0.129464
8 0.966518 0.470982 0.066964 0.183036
