0 0.502232 0.513393 0.325893 0.339286
8 0.406250 0.194196 0.250000 0.209821
8 0.774554 0.323661 0.236607 0.218750
8 0.946429 0.198661 0.107143 0.245536
8 0.944196 0.450893 0.111607 0.205357
8 0.830357 0.656250 0.196429 0.223214
8 0.645089 0.736607 0.227679 0.205357
8 0.388393 0.747768 0.232143 0.227679
8 0.223214 0.924107 0.267857 0.151786
8 0.154018 0.598214 0.236607 0.232143
8 0.245536 0.375000 0.205357 0.205357
8 0.127232 0.187500 0.245536 0.205357
8 0.062500 0.388393 0.116071 0.214286
8 0.966518 0.754464 0.066964 0.241071
