0 0.506696 0.495536 0.397321 0.419643
0 0.232143 0.660714 0.071429 0.053571
0 0.741071 0.029018 0.080357 0.049107
8 0.203125 0.328125 0.209821 0.281250
8 0.205357 0.546875 0.187500 0.183036
8 0.321429 0.765625 0.169643 0.183036
8 0.515625 0.799107 0.200893 0.187500
8 0.779018 0.834821 0.281250 0.250000
8 0.823661 0.325893 0.200893 0.169643
8 0.937500 0.185268 0.125000 0.218750
8 0.955357 0.584821 0.089286 0.250000
8 0.125000 0.944196 0.223214 0.111607
8 0.049107 0.426339 0.089286 0.183036
8 0.475446 0.029018 0.209821 0.049107
