0 0.515625 0.500000 0.370536 0.348214
8 0.151786 0.343750 0.214286 0.214286
8 0.189732 0.618304 0.236607 0.209821
8 0.368304 0.745536 0.191964 0.214286
8 0.667411 0.799107 0.218750 0.214286
8 0.761161 0.654018 0.227679 0.200893
8 0.886161 0.678571 0.174107 0.205357
8 0.750000 0.446429 0.232143 0.223214
8 0.718750 0.290179 0.205357 0.178571
8 0.899554 0.404018 0.191964 0.236607
8 0.564732 0.941964 0.308036 0.116071
8 0.198661 0.933036 0.209821 0.133929
8 0.087054 0.794643 0.165179 0.223214
8 0.078125 0.049107 0.147321 0.089286
