0 0.517857 0.491071 0.366071 0.339286
8 0.292411 0.122768 0.209821 0.218750
8 0.473214 0.116071 0.205357 0.223214
8 0.924107 0.366071 0.151786 0.223214
8 0.808036 0.553571 0.205357 0.196429
8 0.868304 0.741071 0.254464 0.205357
8 0.622768 0.883929 0.200893 0.187500
8 0.187500 0.912946 0.250000 0.174107
8 0.082589 0.734375 0.156250 0.227679
8 0.263393 0.611607 0.205357 0.267857
8 0.178571 0.390625 0.223214 0.227679
8 0.046875 0.281250 0.084821 0.196429
8 0.040179 0.513393 0.071429 0.223214
8 0.035714 0.959821 0.062500 0.080357
8 0.908482 0.973214 0.183036 0.053571
8 0.964286 0.145089 0.071429 0.191964
