0 0.562500 0.513393 0.321429 0.410714
0 0.790179 0.591518 0.062500 0.066964
0 0.790179 0.805804 0.062500 0.058036
8 0.861607 0.421875 0.241071 0.209821
8 0.890625 0.647321 0.218750 0.232143
8 0.805804 0.854911 0.254464 0.209821
8 0.939732 0.888393 0.120536 0.223214
8 0.587054 0.790179 0.272321 0.214286
8 0.390625 0.886161 0.227679 0.183036
8 0.104911 0.890625 0.200893 0.218750
8 0.111607 0.680804 0.196429 0.209821
8 0.236607 0.453125 0.258929 0.272321
8 0.147321 0.089286 0.250000 0.169643
8 0.502232 0.191964 0.272321 0.223214
8 0.747768 0.136161 0.245536 0.254464
8 0.933036 0.223214 0.133929 0.241071
8 0.589286 0.044643 0.223214 0.080357
