0 0.517857 0.504464 0.392857 0.419643
8 0.676339 0.138393 0.209821 0.214286
8 0.877232 0.162946 0.218750 0.236607
8 0.910714 0.035714 0.178571 0.062500
8 0.756696 0.354911 0.245536 0.236607
8 0.930804 0.408482 0.138393 0.200893
8 0.830357 0.662946 0.205357 0.209821
8 0.729911 0.638393 0.191964 0.205357
8 0.948661 0.796875 0.102679 0.245536
8 0.834821 0.915179 0.214286 0.169643
8 0.517857 0.901786 0.232143 0.196429
8 0.533482 0.783482 0.254464 0.236607
8 0.281250 0.767857 0.223214 0.223214
8 0.290179 0.939732 0.214286 0.120536
8 0.100446 0.825893 0.191964 0.205357
8 0.102679 0.611607 0.196429 0.196429
8 0.196429 0.412946 0.223214 0.209821
8 0.082589 0.216518 0.156250 0.236607
8 0.323661 0.216518 0.263393 0.218750
8 0.218750 0.104911 0.214286 0.200893
8 0.466518 0.089286 0.218750 0.169643
