0 0.504464 0.500000 0.330357 0.330357
8 0.785714 0.214286 0.232143 0.214286
8 0.790179 0.448661 0.267857 0.263393
8 0.703125 0.738839 0.290179 0.254464
8 0.698661 0.928571 0.227679 0.142857
8 0.908482 0.892857 0.183036 0.214286
8 0.941964 0.310268 0.116071 0.200893
8 0.890625 0.075893 0.218750 0.142857
8 0.283482 0.062500 0.263393 0.116071
8 0.279018 0.236607 0.236607 0.205357
8 0.238839 0.381696 0.236607 0.218750
8 0.095982 0.774554 0.183036 0.236607
8 0.234375 0.950893 0.218750 0.098214
8 0.091518 0.102679 0.174107 0.196429
