0 0.522321 0.508929 0.401786 0.428571
0 0.870536 0.517857 0.071429 0.044643
8 0.616071 0.200893 0.205357 0.232143
8 0.781250 0.272321 0.214286 0.223214
8 0.897321 0.156250 0.205357 0.232143
8 0.948661 0.370536 0.102679 0.187500
8 0.796875 0.622768 0.191964 0.209821
8 0.901786 0.821429 0.196429 0.223214
8 0.705357 0.892857 0.214286 0.214286
8 0.513393 0.814732 0.267857 0.236607
8 0.330357 0.892857 0.241071 0.214286
8 0.104911 0.863839 0.200893 0.245536
8 0.245536 0.662946 0.250000 0.218750
8 0.142857 0.531250 0.250000 0.250000
8 0.151786 0.256696 0.250000 0.191964
8 0.388393 0.129464 0.285714 0.250000
8 0.069196 0.125000 0.129464 0.223214
