0 0.515625 0.520089 0.441964 0.424107
8 0.823661 0.162946 0.245536 0.272321
8 0.575893 0.220982 0.258929 0.245536
8 0.875000 0.426339 0.250000 0.191964
8 0.694196 0.770089 0.254464 0.254464
8 0.917411 0.881696 0.165179 0.236607
8 0.334821 0.901786 0.312500 0.196429
8 0.149554 0.620536 0.263393 0.250000
8 0.241071 0.388393 0.205357 0.250000
8 0.160714 0.089286 0.258929 0.169643
8 0.404018 0.069196 0.263393 0.129464
8 0.037946 0.729911 0.066964 0.200893
8 0.687500 0.964286 0.232143 0.071429
8 0.953125 0.232143 0.093750 0.205357
8 0.955357 0.062500 0.089286 0.116071
