0 0.502232 0.495536 0.316964 0.330357
8 0.138393 0.285714 0.223214 0.250000
8 0.330357 0.258929 0.258929 0.232143
8 0.593750 0.151786 0.258929 0.267857
8 0.859375 0.138393 0.236607 0.267857
8 0.917411 0.350446 0.165179 0.209821
8 0.805804 0.569196 0.263393 0.254464
8 0.944196 0.696429 0.111607 0.178571
8 0.727679 0.790179 0.205357 0.196429
8 0.823661 0.895089 0.218750 0.200893
8 0.566964 0.910714 0.241071 0.178571
8 0.526786 0.747768 0.232143 0.183036
8 0.292411 0.667411 0.254464 0.200893
8 0.174107 0.848214 0.205357 0.214286
8 0.058036 0.750000 0.107143 0.276786
8 0.044643 0.122768 0.080357 0.165179
8 0.276786 0.060268 0.223214 0.111607
