0 0.497768 0.500000 0.343750 0.357143
0 0.100446 0.241071 0.102679 0.080357
8 0.330357 0.243304 0.223214 0.218750
8 0.593750 0.245536 0.223214 0.214286
8 0.801339 0.602679 0.218750 0.214286
8 0.794643 0.464286 0.232143 0.187500
8 0.651786 0.747768 0.232143 0.218750
8 0.716518 0.924107 0.236607 0.151786
8 0.459821 0.875000 0.205357 0.187500
8 0.232143 0.502232 0.187500 0.245536
8 0.082589 0.493304 0.156250 0.263393
8 0.225446 0.089286 0.236607 0.169643
8 0.526786 0.069196 0.205357 0.129464
8 0.957589 0.457589 0.084821 0.272321
8 0.142857 0.935268 0.276786 0.129464
