0 0.493304 0.495536 0.450893 0.419643
8 0.343750 0.194196 0.160714 0.156250
8 0.707589 0.276786 0.174107 0.205357
8 0.910714 0.292411 0.160714 0.200893
8 0.946429 0.091518 0.107143 0.165179
8 0.734375 0.040179 0.200893 0.071429
8 0.348214 0.031250 0.223214 0.053571
8 0.104911 0.042411 0.191964 0.075893
8 0.136161 0.205357 0.209821 0.205357
8 0.127232 0.546875 0.183036 0.200893
8 0.227679 0.636161 0.178571 0.209821
8 0.118304 0.843750 0.191964 0.205357
8 0.390625 0.899554 0.191964 0.174107
8 0.502232 0.937500 0.218750 0.125000
8 0.618304 0.790179 0.191964 0.178571
8 0.837054 0.801339 0.183036 0.165179
8 0.758929 0.602679 0.187500 0.196429
8 0.930804 0.537946 0.138393 0.200893
8 0.950893 0.930804 0.098214 0.138393
