0 0.575893 0.584821 0.401786 0.348214
0 0.662946 0.904018 0.156250 0.111607
8 0.464286 0.247768 0.232143 0.218750
8 0.870536 0.372768 0.258929 0.183036
8 0.332589 0.453125 0.263393 0.245536
8 0.247768 0.779018 0.218750 0.209821
8 0.435268 0.888393 0.165179 0.169643
8 0.540179 0.832589 0.232143 0.200893
8 0.093750 0.774554 0.178571 0.254464
8 0.122768 0.071429 0.191964 0.133929
8 0.334821 0.082589 0.232143 0.156250
8 0.723214 0.091518 0.205357 0.174107
8 0.037946 0.466518 0.066964 0.254464
8 0.037946 0.185268 0.066964 0.191964
8 0.892857 0.029018 0.205357 0.049107
