0 0.506696 0.495536 0.290179 0.339286
8 0.500000 0.107143 0.258929 0.205357
8 0.741071 0.053571 0.267857 0.098214
8 0.904018 0.227679 0.191964 0.205357
8 0.767857 0.428571 0.232143 0.241071
8 0.839286 0.645089 0.294643 0.183036
8 0.950893 0.486607 0.098214 0.196429
8 0.796875 0.848214 0.272321 0.196429
8 0.575893 0.926339 0.250000 0.147321
8 0.301339 0.935268 0.263393 0.129464
8 0.165179 0.787946 0.267857 0.209821
8 0.285714 0.250000 0.241071 0.258929
8 0.098214 0.118304 0.187500 0.209821
8 0.254464 0.069196 0.232143 0.129464
8 0.055804 0.321429 0.102679 0.205357
