0 0.508929 0.493304 0.357143 0.352679
8 0.294643 0.245536 0.205357 0.196429
8 0.723214 0.191964 0.241071 0.196429
8 0.823661 0.352679 0.218750 0.214286
8 0.770089 0.540179 0.227679 0.258929
8 0.816964 0.763393 0.232143 0.178571
8 0.562500 0.883929 0.258929 0.232143
8 0.339286 0.745536 0.196429 0.223214
8 0.196429 0.562500 0.223214 0.241071
8 0.127232 0.363839 0.245536 0.191964
8 0.129464 0.087054 0.205357 0.165179
8 0.477679 0.080357 0.214286 0.151786
8 0.877232 0.058036 0.227679 0.107143
8 0.674107 0.044643 0.187500 0.080357
8 0.125000 0.812500 0.232143 0.294643
8 0.941964 0.908482 0.116071 0.174107
8 0.964286 0.328125 0.071429 0.183036
