0 0.497768 0.502232 0.415179 0.370536
8 0.151786 0.113839 0.267857 0.218750
8 0.381696 0.200893 0.263393 0.214286
8 0.611607 0.064732 0.267857 0.120536
8 0.379464 0.053571 0.214286 0.098214
8 0.270089 0.406250 0.236607 0.223214
8 0.087054 0.540179 0.165179 0.258929
8 0.285714 0.669643 0.250000 0.223214
8 0.198661 0.787946 0.245536 0.209821
8 0.517857 0.772321 0.187500 0.178571
8 0.707589 0.774554 0.218750 0.218750
8 0.832589 0.658482 0.227679 0.236607
8 0.921875 0.479911 0.156250 0.209821
8 0.837054 0.912946 0.236607 0.174107
8 0.479911 0.966518 0.183036 0.066964
