0 0.502232 0.488839 0.388393 0.433036
8 0.234375 0.100446 0.218750 0.183036
8 0.424107 0.209821 0.205357 0.169643
8 0.868304 0.203125 0.200893 0.174107
8 0.915179 0.352679 0.169643 0.196429
8 0.805804 0.506696 0.209821 0.218750
8 0.613839 0.808036 0.263393 0.250000
8 0.410714 0.908482 0.178571 0.165179
8 0.859375 0.805804 0.200893 0.209821
8 0.285714 0.640625 0.241071 0.227679
8 0.154018 0.810268 0.245536 0.236607
8 0.196429 0.323661 0.205357 0.218750
8 0.578125 0.062500 0.209821 0.116071
8 0.935268 0.049107 0.129464 0.080357
8 0.935268 0.959821 0.129464 0.080357
8 0.147321 0.973214 0.205357 0.053571
8 0.044643 0.245536 0.080357 0.205357
