0 0.508929 0.506696 0.375000 0.379464
0 0.281250 0.944196 0.205357 0.111607
8 0.729911 0.234375 0.236607 0.227679
8 0.830357 0.437500 0.205357 0.205357
8 0.801339 0.649554 0.191964 0.174107
8 0.600446 0.767857 0.254464 0.223214
8 0.459821 0.921875 0.178571 0.156250
8 0.750000 0.955357 0.214286 0.089286
8 0.339286 0.745536 0.232143 0.178571
8 0.100446 0.892857 0.191964 0.214286
8 0.102679 0.598214 0.187500 0.232143
8 0.194196 0.383929 0.218750 0.205357
8 0.082589 0.185268 0.156250 0.209821
8 0.426339 0.200893 0.236607 0.214286
8 0.513393 0.044643 0.241071 0.080357
8 0.919643 0.104911 0.160714 0.200893
