0 0.508929 0.589286 0.375000 0.366071
8 0.522321 0.207589 0.196429 0.218750
8 0.725446 0.258929 0.209821 0.214286
8 0.883929 0.107143 0.232143 0.196429
8 0.776786 0.500000 0.232143 0.250000
8 0.870536 0.758929 0.187500 0.241071
8 0.671875 0.774554 0.218750 0.209821
8 0.825893 0.910714 0.250000 0.178571
8 0.564732 0.941964 0.263393 0.116071
8 0.254464 0.935268 0.187500 0.129464
8 0.082589 0.897321 0.156250 0.187500
8 0.281250 0.770089 0.241071 0.209821
8 0.189732 0.546875 0.218750 0.165179
8 0.267857 0.426339 0.169643 0.218750
8 0.111607 0.294643 0.214286 0.187500
8 0.160714 0.098214 0.214286 0.187500
8 0.337054 0.214286 0.200893 0.214286
