0 0.504464 0.495536 0.348214 0.330357
8 0.723214 0.229911 0.241071 0.218750
8 0.808036 0.421875 0.205357 0.218750
8 0.928571 0.562500 0.142857 0.196429
8 0.819196 0.741071 0.272321 0.294643
8 0.917411 0.886161 0.165179 0.209821
8 0.573661 0.825893 0.227679 0.187500
8 0.462054 0.828125 0.191964 0.183036
8 0.241071 0.642857 0.205357 0.232143
8 0.111607 0.618304 0.214286 0.236607
8 0.053571 0.395089 0.098214 0.254464
8 0.107143 0.111607 0.205357 0.214286
8 0.410714 0.174107 0.205357 0.196429
8 0.696429 0.051339 0.232143 0.093750
8 0.924107 0.095982 0.151786 0.183036
8 0.459821 0.042411 0.214286 0.075893
8 0.162946 0.924107 0.245536 0.151786
