0 0.504464 0.508929 0.437500 0.464286
8 0.232143 0.330357 0.205357 0.258929
8 0.296875 0.100446 0.281250 0.191964
8 0.790179 0.292411 0.214286 0.290179
8 0.857143 0.618304 0.232143 0.200893
8 0.937500 0.375000 0.125000 0.178571
8 0.928571 0.185268 0.142857 0.191964
8 0.098214 0.479911 0.187500 0.165179
8 0.075893 0.290179 0.142857 0.205357
8 0.120536 0.674107 0.232143 0.205357
8 0.305804 0.812500 0.200893 0.232143
8 0.535714 0.890625 0.276786 0.218750
8 0.660714 0.752232 0.321429 0.209821
8 0.917411 0.841518 0.165179 0.245536
8 0.819196 0.946429 0.245536 0.107143
