0 0.500000 0.549107 0.258929 0.419643
8 0.725446 0.176339 0.183036 0.191964
8 0.899554 0.232143 0.183036 0.196429
8 0.772321 0.082589 0.241071 0.156250
8 0.462054 0.125000 0.200893 0.196429
8 0.354911 0.162946 0.174107 0.174107
8 0.287946 0.348214 0.236607 0.205357
8 0.136161 0.183036 0.227679 0.205357
8 0.098214 0.084821 0.187500 0.160714
8 0.073661 0.395089 0.138393 0.236607
8 0.272321 0.662946 0.241071 0.254464
8 0.149554 0.830357 0.236607 0.223214
8 0.725446 0.669643 0.236607 0.223214
8 0.870536 0.823661 0.232143 0.245536
8 0.604911 0.899554 0.281250 0.200893
8 0.747768 0.395089 0.254464 0.218750
8 0.890625 0.517857 0.138393 0.223214
