0 0.508929 0.533482 0.428571 0.433036
8 0.339286 0.256696 0.223214 0.227679
8 0.591518 0.111607 0.218750 0.196429
8 0.694196 0.238839 0.200893 0.254464
8 0.881696 0.290179 0.200893 0.205357
8 0.363839 0.055804 0.245536 0.102679
8 0.136161 0.073661 0.218750 0.138393
8 0.084821 0.274554 0.160714 0.254464
8 0.091518 0.573661 0.174107 0.227679
8 0.218750 0.718750 0.232143 0.232143
8 0.421875 0.841518 0.245536 0.236607
8 0.602679 0.921875 0.223214 0.156250
8 0.819196 0.850446 0.236607 0.236607
8 0.767857 0.633929 0.285714 0.276786
8 0.877232 0.515625 0.245536 0.254464
8 0.973214 0.814732 0.053571 0.200893
