0 0.502232 0.508929 0.361607 0.392857
8 0.705357 0.107143 0.223214 0.205357
8 0.886161 0.209821 0.209821 0.205357
8 0.924107 0.392857 0.151786 0.160714
8 0.921875 0.515625 0.156250 0.209821
8 0.924107 0.727679 0.151786 0.214286
8 0.683036 0.709821 0.250000 0.214286
8 0.549107 0.845982 0.214286 0.174107
8 0.314732 0.915179 0.218750 0.169643
8 0.424107 0.950893 0.196429 0.098214
8 0.803571 0.881696 0.223214 0.200893
8 0.908482 0.930804 0.183036 0.138393
8 0.234375 0.645089 0.218750 0.174107
8 0.218750 0.520089 0.214286 0.191964
8 0.142857 0.863839 0.223214 0.209821
8 0.062500 0.475446 0.116071 0.254464
8 0.122768 0.113839 0.236607 0.218750
8 0.421875 0.029018 0.200893 0.049107
