0 0.520089 0.515625 0.397321 0.406250
0 0.584821 0.185268 0.125000 0.111607
0 0.866071 0.808036 0.080357 0.080357
8 0.805804 0.506696 0.200893 0.191964
8 0.908482 0.383929 0.183036 0.178571
8 0.794643 0.281250 0.214286 0.214286
8 0.912946 0.073661 0.174107 0.138393
8 0.600446 0.122768 0.236607 0.218750
8 0.287946 0.265625 0.245536 0.245536
8 0.104911 0.386161 0.183036 0.209821
8 0.236607 0.479911 0.232143 0.191964
8 0.158482 0.705357 0.209821 0.214286
8 0.296875 0.720982 0.200893 0.218750
8 0.370536 0.854911 0.241071 0.183036
8 0.551339 0.738839 0.308036 0.183036
8 0.754464 0.912946 0.276786 0.174107
8 0.283482 0.946429 0.263393 0.107143
8 0.156250 0.089286 0.241071 0.169643
