0 0.504464 0.529018 0.348214 0.352679
8 0.120536 0.151786 0.214286 0.223214
8 0.412946 0.136161 0.236607 0.200893
8 0.696429 0.261161 0.205357 0.183036
8 0.779018 0.178571 0.218750 0.214286
8 0.808036 0.446429 0.232143 0.223214
8 0.765625 0.712054 0.236607 0.236607
8 0.522321 0.821429 0.223214 0.196429
8 0.705357 0.921875 0.187500 0.156250
8 0.200893 0.819196 0.258929 0.209821
8 0.350446 0.939732 0.254464 0.120536
8 0.216518 0.571429 0.183036 0.250000
8 0.078125 0.571429 0.147321 0.223214
8 0.185268 0.366071 0.200893 0.205357
8 0.939732 0.080357 0.120536 0.151786
