0 0.466518 0.522321 0.370536 0.330357
8 0.546875 0.133929 0.200893 0.196429
8 0.671875 0.310268 0.200893 0.218750
8 0.823661 0.386161 0.200893 0.236607
8 0.935268 0.294643 0.129464 0.232143
8 0.754464 0.127232 0.241071 0.245536
8 0.125000 0.169643 0.241071 0.178571
8 0.196429 0.370536 0.232143 0.223214
8 0.350446 0.816964 0.254464 0.232143
8 0.470982 0.821429 0.236607 0.187500
8 0.696429 0.785714 0.205357 0.232143
8 0.901786 0.736607 0.196429 0.214286
8 0.832589 0.921875 0.263393 0.156250
8 0.787946 0.575893 0.254464 0.196429
8 0.075893 0.676339 0.142857 0.254464
8 0.095982 0.912946 0.183036 0.174107
8 0.227679 0.955357 0.205357 0.089286
