0 0.493304 0.495536 0.343750 0.348214
0 0.611607 0.758929 0.080357 0.089286
0 0.439732 0.912946 0.093750 0.084821
8 0.812500 0.363839 0.276786 0.236607
8 0.917411 0.540179 0.165179 0.241071
8 0.756696 0.642857 0.254464 0.250000
8 0.323661 0.716518 0.299107 0.245536
8 0.071429 0.441964 0.133929 0.250000
8 0.345982 0.196429 0.209821 0.232143
8 0.116071 0.082589 0.223214 0.156250
8 0.549107 0.049107 0.258929 0.089286
8 0.790179 0.066964 0.250000 0.125000
8 0.060268 0.758929 0.111607 0.250000
8 0.685268 0.946429 0.245536 0.107143
