0 0.488839 0.495536 0.299107 0.330357
0 0.051339 0.558036 0.093750 0.116071
0 0.116071 0.435268 0.089286 0.058036
8 0.287946 0.122768 0.209821 0.183036
8 0.109375 0.127232 0.191964 0.191964
8 0.714286 0.301339 0.169643 0.200893
8 0.854911 0.428571 0.209821 0.187500
8 0.928571 0.229911 0.142857 0.191964
8 0.714286 0.683036 0.160714 0.232143
8 0.899554 0.852679 0.200893 0.178571
8 0.526786 0.727679 0.232143 0.178571
8 0.310268 0.765625 0.191964 0.200893
8 0.468750 0.917411 0.178571 0.165179
8 0.151786 0.660714 0.160714 0.169643
8 0.060268 0.785714 0.111607 0.214286
8 0.100446 0.948661 0.191964 0.102679
8 0.890625 0.051339 0.174107 0.093750
