0 0.511161 0.506696 0.352679 0.343750
8 0.261161 0.348214 0.191964 0.169643
8 0.223214 0.446429 0.205357 0.169643
8 0.254464 0.622768 0.205357 0.183036
8 0.062500 0.633929 0.116071 0.232143
8 0.263393 0.825893 0.232143 0.205357
8 0.104911 0.924107 0.200893 0.151786
8 0.428571 0.944196 0.241071 0.111607
8 0.544643 0.783482 0.232143 0.200893
8 0.696429 0.912946 0.214286 0.174107
8 0.767857 0.796875 0.232143 0.218750
8 0.933036 0.883929 0.133929 0.214286
8 0.839286 0.602679 0.250000 0.196429
8 0.738839 0.412946 0.236607 0.227679
8 0.830357 0.339286 0.223214 0.241071
8 0.917411 0.218750 0.165179 0.223214
8 0.636161 0.189732 0.209821 0.236607
8 0.323661 0.111607 0.218750 0.214286
8 0.479911 0.102679 0.209821 0.196429
8 0.116071 0.232143 0.223214 0.223214
8 0.075893 0.069196 0.142857 0.129464
