0 0.553571 0.529018 0.339286 0.325893
0 0.647321 0.841518 0.089286 0.084821
0 0.328125 0.879464 0.129464 0.089286
8 0.294643 0.225446 0.285714 0.245536
8 0.272321 0.468750 0.250000 0.214286
8 0.250000 0.700893 0.321429 0.258929
8 0.075893 0.533482 0.142857 0.218750
8 0.064732 0.792411 0.120536 0.254464
8 0.901786 0.312500 0.196429 0.276786
8 0.850446 0.857143 0.254464 0.258929
8 0.500000 0.892857 0.285714 0.214286
8 0.649554 0.131696 0.263393 0.254464
8 0.879464 0.089286 0.241071 0.169643
8 0.395089 0.091518 0.281250 0.174107
8 0.122768 0.071429 0.236607 0.133929
8 0.089286 0.964286 0.169643 0.071429
8 0.718750 0.977679 0.160714 0.044643
