0 0.500000 0.502232 0.285714 0.299107
0 0.319196 0.926339 0.040179 0.049107
0 0.841518 0.459821 0.093750 0.062500
8 0.669643 0.058036 0.223214 0.107143
8 0.870536 0.180804 0.205357 0.227679
8 0.776786 0.582589 0.205357 0.200893
8 0.910714 0.765625 0.178571 0.218750
8 0.698661 0.816964 0.183036 0.205357
8 0.765625 0.899554 0.183036 0.200893
8 0.926339 0.939732 0.147321 0.120536
8 0.488839 0.752232 0.227679 0.200893
8 0.482143 0.928571 0.250000 0.142857
8 0.314732 0.667411 0.218750 0.209821
8 0.158482 0.908482 0.218750 0.183036
8 0.196429 0.370536 0.232143 0.205357
8 0.133929 0.051339 0.223214 0.093750
