0 0.459821 0.529018 0.437500 0.334821
0 0.564732 0.093750 0.093750 0.062500
8 0.665179 0.223214 0.267857 0.214286
8 0.924107 0.314732 0.151786 0.183036
8 0.904018 0.537946 0.191964 0.263393
8 0.743304 0.680804 0.263393 0.218750
8 0.573661 0.819196 0.263393 0.254464
8 0.334821 0.904018 0.241071 0.191964
8 0.241071 0.689732 0.250000 0.227679
8 0.098214 0.712054 0.187500 0.209821
8 0.111607 0.488839 0.214286 0.200893
8 0.104911 0.276786 0.200893 0.250000
8 0.401786 0.071429 0.232143 0.133929
8 0.703125 0.053571 0.245536 0.098214
8 0.917411 0.100446 0.165179 0.191964
8 0.750000 0.948661 0.267857 0.102679
