0 0.511161 0.511161 0.388393 0.370536
8 0.609375 0.256696 0.236607 0.200893
8 0.926339 0.430804 0.147321 0.209821
8 0.868304 0.642857 0.245536 0.223214
8 0.627232 0.743304 0.245536 0.227679
8 0.448661 0.895089 0.245536 0.174107
8 0.241071 0.765625 0.267857 0.245536
8 0.254464 0.430804 0.223214 0.218750
8 0.216518 0.227679 0.209821 0.214286
8 0.457589 0.082589 0.245536 0.156250
8 0.683036 0.091518 0.205357 0.174107
8 0.854911 0.203125 0.227679 0.200893
8 0.042411 0.607143 0.075893 0.232143
8 0.082589 0.966518 0.156250 0.066964
8 0.975446 0.073661 0.049107 0.138393
