0 0.502232 0.495536 0.397321 0.437500
0 0.872768 0.484375 0.084821 0.102679
8 0.151786 0.073661 0.223214 0.138393
8 0.417411 0.053571 0.254464 0.098214
8 0.821429 0.091518 0.241071 0.174107
8 0.841518 0.287946 0.227679 0.227679
8 0.609375 0.238839 0.236607 0.218750
8 0.370536 0.236607 0.232143 0.232143
8 0.743304 0.488839 0.191964 0.245536
8 0.738839 0.703125 0.218750 0.218750
8 0.883929 0.881696 0.232143 0.236607
8 0.075893 0.386161 0.142857 0.254464
8 0.218750 0.415179 0.205357 0.241071
8 0.180804 0.736607 0.245536 0.241071
8 0.415179 0.895089 0.205357 0.209821
8 0.656250 0.897321 0.258929 0.205357
8 0.053571 0.957589 0.098214 0.084821
8 0.968750 0.511161 0.062500 0.191964
