0 0.508929 0.524554 0.330357 0.379464
0 0.223214 0.470982 0.098214 0.120536
8 0.189732 0.138393 0.272321 0.267857
8 0.428571 0.191964 0.223214 0.250000
8 0.678571 0.125000 0.258929 0.241071
8 0.779018 0.350446 0.263393 0.299107
8 0.895089 0.104911 0.209821 0.200893
8 0.752232 0.750000 0.290179 0.267857
8 0.529018 0.863839 0.290179 0.236607
8 0.241071 0.676339 0.294643 0.245536
8 0.214286 0.910714 0.267857 0.178571
8 0.928571 0.881696 0.142857 0.236607
8 0.040179 0.854911 0.071429 0.218750
8 0.973214 0.328125 0.053571 0.174107
