0 0.520089 0.526786 0.361607 0.375000
8 0.071429 0.084821 0.133929 0.160714
8 0.274554 0.073661 0.263393 0.138393
8 0.508929 0.111607 0.241071 0.214286
8 0.754464 0.185268 0.267857 0.236607
8 0.886161 0.055804 0.227679 0.102679
8 0.915179 0.444196 0.169643 0.227679
8 0.783482 0.602679 0.236607 0.223214
8 0.734375 0.830357 0.299107 0.205357
8 0.910714 0.917411 0.178571 0.165179
8 0.375000 0.812500 0.276786 0.241071
8 0.142857 0.863839 0.250000 0.254464
8 0.066964 0.727679 0.125000 0.223214
8 0.082589 0.504464 0.156250 0.241071
8 0.270089 0.323661 0.281250 0.245536
