0 0.504464 0.500000 0.401786 0.401786
8 0.729911 0.069196 0.209821 0.129464
8 0.897321 0.073661 0.196429 0.138393
8 0.937500 0.265625 0.125000 0.209821
8 0.758929 0.272321 0.214286 0.223214
8 0.776786 0.493304 0.178571 0.227679
8 0.906250 0.517857 0.187500 0.214286
8 0.915179 0.727679 0.169643 0.178571
8 0.631696 0.738839 0.254464 0.200893
8 0.531250 0.879464 0.258929 0.169643
8 0.745536 0.917411 0.169643 0.165179
8 0.899554 0.937500 0.120536 0.125000
8 0.332589 0.738839 0.236607 0.191964
8 0.091518 0.825893 0.174107 0.241071
8 0.218750 0.944196 0.232143 0.111607
8 0.171875 0.462054 0.165179 0.272321
8 0.285714 0.265625 0.223214 0.209821
8 0.325893 0.075893 0.196429 0.142857
8 0.071429 0.270089 0.133929 0.218750
8 0.049107 0.500000 0.089286 0.214286
