0 0.491071 0.515625 0.437500 0.433036
0 0.926339 0.910714 0.111607 0.107143
8 0.752232 0.316964 0.209821 0.223214
8 0.933036 0.348214 0.133929 0.241071
8 0.821429 0.832589 0.241071 0.281250
8 0.651786 0.745536 0.178571 0.258929
8 0.424107 0.758929 0.232143 0.196429
8 0.281250 0.736607 0.187500 0.258929
8 0.082589 0.743304 0.156250 0.227679
8 0.223214 0.368304 0.232143 0.218750
8 0.345982 0.178571 0.236607 0.214286
8 0.569196 0.111607 0.200893 0.214286
8 0.761161 0.091518 0.165179 0.174107
8 0.941964 0.122768 0.116071 0.183036
8 0.082589 0.223214 0.156250 0.232143
8 0.167411 0.928571 0.227679 0.142857
