0 0.502232 0.486607 0.334821 0.339286
0 0.392857 0.044643 0.062500 0.080357
8 0.609375 0.200893 0.290179 0.285714
8 0.857143 0.482143 0.285714 0.285714
8 0.698661 0.676339 0.227679 0.245536
8 0.890625 0.783482 0.218750 0.299107
8 0.687500 0.930804 0.223214 0.138393
8 0.450893 0.841518 0.294643 0.236607
8 0.241071 0.921875 0.169643 0.156250
8 0.136161 0.745536 0.254464 0.223214
8 0.174107 0.482143 0.285714 0.258929
8 0.281250 0.176339 0.214286 0.254464
8 0.790179 0.071429 0.223214 0.133929
8 0.915179 0.247768 0.169643 0.209821
