0 0.493304 0.491071 0.343750 0.312500
0 0.064732 0.372768 0.075893 0.111607
8 0.531250 0.091518 0.178571 0.174107
8 0.707589 0.154018 0.227679 0.209821
8 0.756696 0.332589 0.227679 0.209821
8 0.912946 0.294643 0.174107 0.232143
8 0.787946 0.558036 0.272321 0.214286
8 0.602679 0.720982 0.294643 0.174107
8 0.578125 0.872768 0.236607 0.174107
8 0.799107 0.845982 0.214286 0.245536
8 0.372768 0.843750 0.200893 0.205357
8 0.104911 0.870536 0.200893 0.205357
8 0.087054 0.665179 0.165179 0.223214
8 0.149554 0.495536 0.183036 0.196429
8 0.261161 0.131696 0.236607 0.209821
8 0.308036 0.080357 0.232143 0.151786
8 0.866071 0.859375 0.187500 0.191964
8 0.107143 0.031250 0.178571 0.053571
