0 0.504464 0.477679 0.321429 0.348214
0 0.906250 0.285714 0.187500 0.142857
0 0.296875 0.593750 0.049107 0.080357
8 0.495536 0.133929 0.178571 0.160714
8 0.468750 0.064732 0.214286 0.120536
8 0.685268 0.073661 0.191964 0.138393
8 0.723214 0.372768 0.151786 0.174107
8 0.928571 0.484375 0.142857 0.165179
8 0.899554 0.716518 0.165179 0.165179
8 0.955357 0.852679 0.089286 0.160714
8 0.810268 0.937500 0.120536 0.125000
8 0.716518 0.772321 0.174107 0.169643
8 0.533482 0.738839 0.174107 0.165179
8 0.522321 0.919643 0.151786 0.133929
8 0.241071 0.747768 0.151786 0.156250
8 0.174107 0.674107 0.178571 0.178571
8 0.075893 0.830357 0.125000 0.133929
8 0.254464 0.513393 0.142857 0.125000
8 0.245536 0.388393 0.142857 0.133929
8 0.178571 0.310268 0.133929 0.120536
8 0.082589 0.185268 0.156250 0.156250
8 0.053571 0.274554 0.098214 0.129464
8 0.272321 0.082589 0.107143 0.156250
8 0.131696 0.064732 0.156250 0.102679
