0 0.508929 0.491071 0.321429 0.375000
8 0.741071 0.095982 0.276786 0.183036
8 0.732143 0.325893 0.241071 0.223214
8 0.828125 0.448661 0.236607 0.218750
8 0.928571 0.633929 0.142857 0.187500
8 0.625000 0.736607 0.232143 0.205357
8 0.725446 0.776786 0.191964 0.187500
8 0.937500 0.861607 0.125000 0.223214
8 0.810268 0.935268 0.245536 0.129464
8 0.319196 0.928571 0.227679 0.142857
8 0.087054 0.915179 0.165179 0.169643
8 0.250000 0.665179 0.241071 0.294643
8 0.053571 0.707589 0.098214 0.236607
8 0.091518 0.450893 0.174107 0.178571
8 0.104911 0.348214 0.200893 0.205357
8 0.176339 0.158482 0.281250 0.191964
8 0.180804 0.082589 0.254464 0.156250
8 0.457589 0.154018 0.272321 0.191964
8 0.955357 0.062500 0.089286 0.116071
