0 0.515625 0.522321 0.370536 0.312500
0 0.848214 0.388393 0.071429 0.062500
8 0.136161 0.792411 0.245536 0.236607
8 0.301339 0.883929 0.236607 0.223214
8 0.544643 0.863839 0.258929 0.272321
8 0.698661 0.703125 0.245536 0.227679
8 0.908482 0.680804 0.183036 0.218750
8 0.944196 0.897321 0.111607 0.205357
8 0.787946 0.939732 0.236607 0.120536
8 0.633929 0.250000 0.258929 0.232143
8 0.803571 0.111607 0.214286 0.205357
8 0.957589 0.100446 0.084821 0.191964
8 0.337054 0.066964 0.290179 0.125000
8 0.118304 0.127232 0.227679 0.236607
8 0.220982 0.408482 0.227679 0.227679
8 0.053571 0.502232 0.098214 0.236607
8 0.040179 0.316964 0.071429 0.160714
