0 0.484375 0.508929 0.361607 0.357143
8 0.243304 0.207589 0.236607 0.191964
8 0.707589 0.368304 0.165179 0.191964
8 0.825893 0.234375 0.214286 0.227679
8 0.926339 0.531250 0.147321 0.223214
8 0.745536 0.631696 0.214286 0.200893
8 0.765625 0.857143 0.227679 0.214286
8 0.511161 0.747768 0.227679 0.200893
8 0.287946 0.712054 0.227679 0.209821
8 0.140625 0.892857 0.227679 0.214286
8 0.404018 0.908482 0.227679 0.183036
8 0.180804 0.522321 0.218750 0.187500
8 0.198661 0.377232 0.245536 0.165179
8 0.747768 0.062500 0.218750 0.116071
8 0.218750 0.044643 0.223214 0.080357
8 0.055804 0.174107 0.102679 0.258929
8 0.049107 0.631696 0.089286 0.236607
