0 0.513393 0.495536 0.357143 0.348214
8 0.312500 0.232143 0.223214 0.178571
8 0.439732 0.216518 0.209821 0.200893
8 0.674107 0.234375 0.258929 0.209821
8 0.805804 0.176339 0.236607 0.218750
8 0.881696 0.424107 0.218750 0.232143
8 0.926339 0.629464 0.147321 0.205357
8 0.785714 0.758929 0.196429 0.214286
8 0.935268 0.875000 0.129464 0.232143
8 0.669643 0.696429 0.214286 0.187500
8 0.616071 0.890625 0.250000 0.200893
8 0.368304 0.919643 0.254464 0.160714
8 0.345982 0.720982 0.218750 0.191964
8 0.187500 0.446429 0.241071 0.214286
8 0.078125 0.645089 0.147321 0.236607
8 0.051339 0.883929 0.093750 0.196429
8 0.196429 0.084821 0.223214 0.160714
8 0.026786 0.426339 0.044643 0.174107
8 0.022321 0.147321 0.035714 0.169643
8 0.953125 0.089286 0.093750 0.169643
8 0.698661 0.029018 0.218750 0.049107
