0 0.479911 0.464286 0.433036 0.303571
8 0.750000 0.238839 0.214286 0.236607
8 0.787946 0.468750 0.174107 0.232143
8 0.906250 0.441964 0.169643 0.187500
8 0.870536 0.799107 0.196429 0.187500
8 0.868304 0.935268 0.191964 0.129464
8 0.571429 0.781250 0.250000 0.223214
8 0.441964 0.930804 0.250000 0.138393
8 0.665179 0.959821 0.205357 0.080357
8 0.312500 0.750000 0.214286 0.205357
8 0.118304 0.899554 0.227679 0.200893
8 0.102679 0.667411 0.196429 0.236607
8 0.198661 0.457589 0.209821 0.200893
8 0.194196 0.247768 0.227679 0.218750
8 0.258929 0.073661 0.214286 0.138393
8 0.464286 0.060268 0.205357 0.111607
8 0.683036 0.064732 0.223214 0.120536
8 0.089286 0.058036 0.169643 0.107143
8 0.924107 0.160714 0.151786 0.232143
