0 0.504464 0.511161 0.321429 0.343750
0 0.098214 0.758929 0.107143 0.098214
0 0.272321 0.948661 0.080357 0.084821
0 0.919643 0.977679 0.062500 0.044643
8 0.310268 0.272321 0.272321 0.241071
8 0.533482 0.118304 0.263393 0.227679
8 0.723214 0.301339 0.232143 0.281250
8 0.930804 0.341518 0.138393 0.254464
8 0.941964 0.825893 0.116071 0.267857
8 0.776786 0.854911 0.205357 0.263393
8 0.517857 0.861607 0.267857 0.276786
8 0.366071 0.785714 0.258929 0.250000
8 0.234375 0.551339 0.281250 0.325893
8 0.082589 0.372768 0.156250 0.272321
8 0.977679 0.109375 0.044643 0.156250
