0 0.482143 0.506696 0.437500 0.406250
8 0.247768 0.252232 0.200893 0.156250
8 0.607143 0.247768 0.187500 0.138393
8 0.799107 0.354911 0.160714 0.174107
8 0.754464 0.631696 0.178571 0.138393
8 0.754464 0.825893 0.178571 0.151786
8 0.439732 0.839286 0.191964 0.160714
8 0.919643 0.180804 0.160714 0.200893
8 0.720982 0.062500 0.174107 0.116071
8 0.964286 0.725446 0.071429 0.165179
8 0.919643 0.026786 0.151786 0.044643
8 0.301339 0.069196 0.218750 0.129464
8 0.089286 0.104911 0.151786 0.191964
8 0.093750 0.359375 0.169643 0.183036
8 0.158482 0.544643 0.174107 0.151786
8 0.200893 0.683036 0.250000 0.125000
8 0.207589 0.861607 0.218750 0.196429
8 0.375000 0.968750 0.160714 0.062500
8 0.071429 0.906250 0.125000 0.187500
