0 0.477679 0.495536 0.419643 0.357143
8 0.198661 0.140625 0.263393 0.200893
8 0.448661 0.102679 0.209821 0.178571
8 0.622768 0.245536 0.209821 0.196429
8 0.852679 0.316964 0.187500 0.178571
8 0.718750 0.066964 0.312500 0.125000
8 0.754464 0.591518 0.178571 0.218750
8 0.886161 0.620536 0.183036 0.196429
8 0.857143 0.930804 0.178571 0.138393
8 0.569196 0.725446 0.245536 0.191964
8 0.343750 0.787946 0.241071 0.183036
8 0.125000 0.607143 0.232143 0.241071
8 0.154018 0.924107 0.200893 0.151786
8 0.053571 0.216518 0.098214 0.191964
8 0.743304 0.970982 0.174107 0.058036
8 0.959821 0.183036 0.080357 0.205357
