0 0.502232 0.504464 0.406250 0.455357
8 0.341518 0.220982 0.218750 0.174107
8 0.272321 0.330357 0.196429 0.178571
8 0.654018 0.227679 0.209821 0.187500
8 0.839286 0.142857 0.214286 0.258929
8 0.100446 0.207589 0.191964 0.183036
8 0.078125 0.095982 0.147321 0.183036
8 0.062500 0.388393 0.116071 0.196429
8 0.310268 0.774554 0.254464 0.209821
8 0.129464 0.888393 0.232143 0.178571
8 0.805804 0.814732 0.209821 0.209821
8 0.892857 0.904018 0.187500 0.183036
8 0.566964 0.946429 0.267857 0.107143
8 0.792411 0.535714 0.236607 0.205357
8 0.895089 0.350446 0.209821 0.183036
