0 0.486607 0.482143 0.383929 0.366071
0 0.741071 0.464286 0.089286 0.116071
8 0.625000 0.241071 0.250000 0.205357
8 0.877232 0.421875 0.209821 0.200893
8 0.935268 0.227679 0.129464 0.223214
8 0.926339 0.767857 0.147321 0.205357
8 0.799107 0.787946 0.196429 0.236607
8 0.270089 0.908482 0.236607 0.174107
8 0.138393 0.725446 0.196429 0.236607
8 0.180804 0.345982 0.191964 0.218750
8 0.372768 0.091518 0.209821 0.174107
8 0.104911 0.058036 0.200893 0.107143
8 0.044643 0.562500 0.080357 0.142857
8 0.051339 0.363839 0.093750 0.218750
