0 0.504464 0.502232 0.383929 0.370536
0 0.321429 0.044643 0.098214 0.080357
0 0.580357 0.035714 0.098214 0.062500
0 0.857143 0.129464 0.107143 0.062500
8 0.725446 0.290179 0.209821 0.205357
8 0.812500 0.395089 0.214286 0.236607
8 0.801339 0.627232 0.227679 0.218750
8 0.743304 0.852679 0.245536 0.214286
8 0.712054 0.944196 0.245536 0.111607
8 0.957589 0.582589 0.084821 0.209821
8 0.500000 0.841518 0.267857 0.183036
8 0.323661 0.727679 0.263393 0.187500
8 0.209821 0.897321 0.250000 0.187500
8 0.089286 0.738839 0.169643 0.245536
8 0.162946 0.497768 0.281250 0.227679
8 0.247768 0.183036 0.236607 0.250000
8 0.575893 0.158482 0.250000 0.156250
8 0.095982 0.102679 0.183036 0.196429
8 0.941964 0.084821 0.116071 0.160714
8 0.966518 0.337054 0.066964 0.254464
8 0.428571 0.970982 0.169643 0.058036
8 0.037946 0.933036 0.066964 0.133929
8 0.055804 0.522321 0.102679 0.214286
