0 0.497768 0.504464 0.334821 0.419643
8 0.381696 0.261161 0.183036 0.138393
8 0.453125 0.100446 0.227679 0.147321
8 0.821429 0.584821 0.151786 0.169643
8 0.948661 0.560268 0.102679 0.156250
8 0.957589 0.830357 0.084821 0.196429
8 0.698661 0.919643 0.227679 0.160714
8 0.736607 0.725446 0.205357 0.227679
8 0.475446 0.754464 0.227679 0.196429
8 0.232143 0.495536 0.267857 0.294643
8 0.066964 0.674107 0.125000 0.196429
8 0.098214 0.917411 0.187500 0.165179
8 0.171875 0.075893 0.254464 0.142857
8 0.904018 0.049107 0.191964 0.089286
