0 0.497768 0.504464 0.370536 0.312500
0 0.783482 0.747768 0.111607 0.084821
0 0.897321 0.044643 0.098214 0.080357
8 0.183036 0.122768 0.285714 0.236607
8 0.176339 0.354911 0.254464 0.165179
8 0.234375 0.571429 0.200893 0.223214
8 0.408482 0.901786 0.218750 0.196429
8 0.578125 0.944196 0.191964 0.111607
8 0.616071 0.765625 0.223214 0.174107
8 0.794643 0.350446 0.214286 0.200893
8 0.709821 0.158482 0.214286 0.209821
8 0.935268 0.493304 0.129464 0.263393
8 0.060268 0.502232 0.111607 0.183036
8 0.966518 0.908482 0.066964 0.183036
