0 0.500000 0.502232 0.321429 0.433036
0 0.261161 0.718750 0.049107 0.044643
0 0.419643 0.850446 0.053571 0.058036
0 0.662946 0.875000 0.049107 0.053571
8 0.265625 0.267857 0.245536 0.241071
8 0.491071 0.109375 0.285714 0.209821
8 0.774554 0.314732 0.227679 0.227679
8 0.906250 0.089286 0.187500 0.169643
8 0.953125 0.245536 0.093750 0.169643
8 0.935268 0.435268 0.129464 0.209821
8 0.790179 0.549107 0.250000 0.205357
8 0.908482 0.727679 0.183036 0.205357
8 0.689732 0.727679 0.209821 0.214286
8 0.843750 0.901786 0.250000 0.196429
8 0.091518 0.700893 0.174107 0.267857
8 0.093750 0.924107 0.178571 0.151786
