0 0.482143 0.553571 0.303571 0.383929
8 0.479911 0.122768 0.218750 0.236607
8 0.745536 0.209821 0.267857 0.250000
8 0.935268 0.263393 0.129464 0.223214
8 0.852679 0.444196 0.267857 0.218750
8 0.919643 0.540179 0.160714 0.178571
8 0.729911 0.667411 0.245536 0.227679
8 0.908482 0.776786 0.183036 0.214286
8 0.562500 0.834821 0.223214 0.205357
8 0.732143 0.941964 0.196429 0.116071
8 0.921875 0.948661 0.156250 0.102679
8 0.321429 0.814732 0.258929 0.218750
8 0.308036 0.334821 0.214286 0.196429
8 0.102679 0.270089 0.196429 0.227679
8 0.220982 0.100446 0.263393 0.191964
8 0.093750 0.486607 0.178571 0.196429
8 0.127232 0.700893 0.236607 0.214286
8 0.095982 0.912946 0.183036 0.174107
8 0.502232 0.959821 0.209821 0.080357
8 0.263393 0.968750 0.205357 0.062500
