0 0.500000 0.524554 0.375000 0.415179
8 0.178571 0.216518 0.223214 0.200893
8 0.241071 0.462054 0.196429 0.200893
8 0.470982 0.158482 0.209821 0.183036
8 0.875000 0.395089 0.250000 0.227679
8 0.774554 0.611607 0.227679 0.241071
8 0.573661 0.845982 0.334821 0.200893
8 0.214286 0.772321 0.214286 0.160714
8 0.107143 0.723214 0.151786 0.187500
8 0.165179 0.928571 0.214286 0.142857
8 0.421875 0.953125 0.191964 0.093750
8 0.796875 0.089286 0.191964 0.169643
8 0.187500 0.069196 0.258929 0.129464
8 0.051339 0.428571 0.093750 0.223214
8 0.955357 0.752232 0.089286 0.263393
8 0.734375 0.964286 0.227679 0.071429
