0 0.497768 0.495536 0.325893 0.339286
0 0.841518 0.131696 0.316964 0.254464
0 0.912946 0.397321 0.058036 0.062500
0 0.881696 0.495536 0.049107 0.044643
0 0.276786 0.343750 0.098214 0.071429
0 0.468750 0.899554 0.053571 0.049107
0 0.037946 0.866071 0.066964 0.080357
8 0.194196 0.122768 0.200893 0.218750
8 0.352679 0.024554 0.187500 0.040179
8 0.926339 0.725446 0.147321 0.183036
8 0.569196 0.792411 0.191964 0.191964
8 0.859375 0.973214 0.147321 0.053571
8 0.305804 0.939732 0.200893 0.120536
8 0.218750 0.770089 0.196429 0.200893
8 0.093750 0.587054 0.178571 0.183036
