0 0.502232 0.502232 0.325893 0.334821
8 0.602679 0.212054 0.223214 0.191964
8 0.560268 0.127232 0.227679 0.183036
8 0.886161 0.171875 0.227679 0.183036
8 0.183036 0.116071 0.303571 0.205357
8 0.866071 0.493304 0.196429 0.200893
8 0.683036 0.705357 0.187500 0.187500
8 0.883929 0.946429 0.232143 0.107143
8 0.279018 0.732143 0.209821 0.187500
8 0.149554 0.439732 0.209821 0.191964
8 0.752232 0.580357 0.183036 0.205357
8 0.046875 0.734375 0.084821 0.245536
8 0.040179 0.493304 0.071429 0.209821
8 0.912946 0.229911 0.174107 0.174107
8 0.837054 0.401786 0.200893 0.160714
8 0.921875 0.899554 0.156250 0.200893
