0 0.495536 0.502232 0.455357 0.361607
8 0.723214 0.348214 0.223214 0.205357
8 0.776786 0.158482 0.250000 0.183036
8 0.879464 0.089286 0.223214 0.169643
8 0.625000 0.044643 0.223214 0.080357
8 0.319196 0.058036 0.227679 0.107143
8 0.162946 0.158482 0.236607 0.191964
8 0.084821 0.328125 0.160714 0.200893
8 0.194196 0.500000 0.227679 0.178571
8 0.263393 0.859375 0.232143 0.245536
8 0.464286 0.756696 0.258929 0.209821
8 0.551339 0.921875 0.218750 0.156250
8 0.812500 0.834821 0.205357 0.232143
8 0.908482 0.649554 0.183036 0.191964
8 0.790179 0.587054 0.205357 0.200893
8 0.917411 0.352679 0.165179 0.160714
8 0.073661 0.895089 0.138393 0.209821
8 0.037946 0.667411 0.066964 0.191964
8 0.950893 0.444196 0.098214 0.209821
8 0.966518 0.863839 0.066964 0.209821
