0 0.488839 0.212054 0.352679 0.325893
0 0.138393 0.783482 0.267857 0.361607
0 0.812500 0.477679 0.357143 0.455357
8 0.203125 0.292411 0.254464 0.281250
8 0.212054 0.529018 0.254464 0.183036
8 0.421875 0.850446 0.272321 0.281250
8 0.607143 0.698661 0.267857 0.281250
8 0.812500 0.834821 0.276786 0.232143
8 0.785714 0.127232 0.232143 0.245536
8 0.926339 0.162946 0.147321 0.218750
8 0.258929 0.080357 0.258929 0.151786
8 0.055804 0.395089 0.102679 0.263393
8 0.046875 0.116071 0.084821 0.223214
8 0.946429 0.950893 0.107143 0.098214
8 0.819196 0.062500 0.227679 0.116071
