0 0.502232 0.479911 0.433036 0.388393
8 0.256696 0.343750 0.209821 0.187500
8 0.734375 0.303571 0.174107 0.178571
8 0.828125 0.515625 0.183036 0.200893
8 0.912946 0.459821 0.174107 0.205357
8 0.870536 0.843750 0.196429 0.187500
8 0.649554 0.779018 0.236607 0.200893
8 0.540179 0.935268 0.241071 0.129464
8 0.299107 0.948661 0.214286 0.102679
8 0.100446 0.915179 0.191964 0.169643
8 0.274554 0.665179 0.227679 0.196429
8 0.069196 0.408482 0.129464 0.263393
8 0.218750 0.109375 0.232143 0.209821
8 0.919643 0.122768 0.160714 0.209821
8 0.352679 0.069196 0.214286 0.129464
