0 0.500000 0.535714 0.428571 0.339286
8 0.176339 0.209821 0.218750 0.196429
8 0.198661 0.428571 0.218750 0.205357
8 0.042411 0.127232 0.075893 0.245536
8 0.053571 0.683036 0.098214 0.232143
8 0.093750 0.881696 0.178571 0.174107
8 0.332589 0.928571 0.245536 0.142857
8 0.236607 0.676339 0.258929 0.218750
8 0.770089 0.794643 0.236607 0.205357
8 0.919643 0.823661 0.160714 0.209821
8 0.937500 0.602679 0.125000 0.205357
8 0.783482 0.381696 0.245536 0.245536
8 0.924107 0.254464 0.151786 0.169643
8 0.917411 0.116071 0.165179 0.142857
