0 0.504464 0.495536 0.428571 0.392857
8 0.265625 0.354911 0.191964 0.254464
8 0.325893 0.136161 0.258929 0.236607
8 0.486607 0.062500 0.241071 0.116071
8 0.819196 0.216518 0.218750 0.254464
8 0.912946 0.421875 0.174107 0.245536
8 0.783482 0.537946 0.218750 0.218750
8 0.714286 0.671875 0.276786 0.200893
8 0.924107 0.654018 0.151786 0.209821
8 0.845982 0.910714 0.245536 0.178571
8 0.631696 0.946429 0.200893 0.107143
8 0.457589 0.866071 0.281250 0.223214
8 0.207589 0.904018 0.245536 0.191964
8 0.136161 0.598214 0.209821 0.241071
8 0.091518 0.366071 0.174107 0.223214
8 0.069196 0.142857 0.129464 0.223214
