0 0.504464 0.506696 0.437500 0.424107
8 0.156250 0.171875 0.196429 0.191964
8 0.401786 0.232143 0.232143 0.214286
8 0.227679 0.395089 0.214286 0.191964
8 0.062500 0.482143 0.116071 0.223214
8 0.129464 0.703125 0.214286 0.191964
8 0.457589 0.888393 0.227679 0.187500
8 0.645089 0.747768 0.236607 0.165179
8 0.825893 0.591518 0.241071 0.227679
8 0.729911 0.930804 0.245536 0.138393
8 0.821429 0.196429 0.196429 0.178571
8 0.700893 0.350446 0.258929 0.245536
8 0.727679 0.055804 0.241071 0.102679
8 0.330357 0.069196 0.205357 0.129464
8 0.044643 0.066964 0.080357 0.125000
8 0.058036 0.863839 0.107143 0.174107
8 0.970982 0.200893 0.058036 0.205357
8 0.185268 0.962054 0.200893 0.075893
8 0.979911 0.763393 0.040179 0.169643
8 0.966518 0.500000 0.066964 0.214286
8 0.959821 0.042411 0.080357 0.075893
