0 0.500000 0.477679 0.437500 0.446429
8 0.337054 0.140625 0.263393 0.227679
8 0.662946 0.100446 0.227679 0.191964
8 0.875000 0.158482 0.205357 0.209821
8 0.912946 0.381696 0.174107 0.209821
8 0.796875 0.732143 0.245536 0.223214
8 0.946429 0.816964 0.107143 0.178571
8 0.562500 0.801339 0.276786 0.209821
8 0.330357 0.901786 0.267857 0.196429
8 0.203125 0.638393 0.227679 0.205357
8 0.207589 0.419643 0.200893 0.205357
8 0.125000 0.243304 0.241071 0.209821
8 0.142857 0.060268 0.214286 0.111607
8 0.861607 0.950893 0.196429 0.098214
