0 0.491071 0.497768 0.339286 0.334821
8 0.274554 0.287946 0.227679 0.227679
8 0.263393 0.082589 0.223214 0.156250
8 0.754464 0.337054 0.232143 0.227679
8 0.816964 0.437500 0.241071 0.250000
8 0.895089 0.136161 0.209821 0.218750
8 0.877232 0.745536 0.209821 0.205357
8 0.560268 0.808036 0.325893 0.232143
8 0.845982 0.930804 0.209821 0.138393
8 0.247768 0.638393 0.245536 0.169643
8 0.125000 0.805804 0.241071 0.209821
8 0.051339 0.453125 0.093750 0.245536
8 0.064732 0.198661 0.120536 0.209821
8 0.283482 0.964286 0.218750 0.071429
