0 0.508929 0.495536 0.375000 0.303571
0 0.640625 0.111607 0.058036 0.098214
8 0.082589 0.200893 0.156250 0.250000
8 0.281250 0.191964 0.196429 0.196429
8 0.482143 0.247768 0.241071 0.165179
8 0.727679 0.281250 0.241071 0.223214
8 0.910714 0.765625 0.178571 0.254464
8 0.763393 0.921875 0.196429 0.156250
8 0.575893 0.904018 0.187500 0.183036
8 0.388393 0.841518 0.214286 0.156250
8 0.140625 0.566964 0.200893 0.205357
8 0.069196 0.395089 0.129464 0.200893
8 0.261161 0.379464 0.227679 0.196429
8 0.325893 0.049107 0.169643 0.089286
8 0.149554 0.968750 0.236607 0.062500
