0 0.497768 0.513393 0.316964 0.339286
8 0.457589 0.122768 0.245536 0.227679
8 0.303571 0.160714 0.214286 0.205357
8 0.118304 0.058036 0.227679 0.107143
8 0.207589 0.352679 0.218750 0.214286
8 0.053571 0.401786 0.098214 0.241071
8 0.167411 0.812500 0.227679 0.187500
8 0.272321 0.937500 0.223214 0.125000
8 0.397321 0.834821 0.205357 0.223214
8 0.566964 0.852679 0.214286 0.223214
8 0.698661 0.691964 0.254464 0.241071
8 0.812500 0.486607 0.250000 0.232143
8 0.921875 0.723214 0.156250 0.187500
8 0.946429 0.633929 0.107143 0.169643
8 0.843750 0.296875 0.223214 0.218750
8 0.665179 0.258929 0.160714 0.214286
8 0.716518 0.035714 0.200893 0.062500
8 0.899554 0.037946 0.183036 0.066964
8 0.872768 0.966518 0.165179 0.066964
8 0.029018 0.825893 0.049107 0.169643
