0 0.500000 0.495536 0.383929 0.383929
8 0.667411 0.102679 0.227679 0.196429
8 0.897321 0.116071 0.205357 0.178571
8 0.877232 0.343750 0.191964 0.205357
8 0.676339 0.294643 0.227679 0.205357
8 0.723214 0.613839 0.205357 0.218750
8 0.819196 0.794643 0.227679 0.196429
8 0.930804 0.598214 0.138393 0.205357
8 0.584821 0.763393 0.214286 0.223214
8 0.504464 0.924107 0.232143 0.151786
8 0.294643 0.861607 0.196429 0.214286
8 0.183036 0.859375 0.178571 0.236607
8 0.055804 0.904018 0.102679 0.191964
8 0.198661 0.533482 0.218750 0.218750
8 0.165179 0.328125 0.241071 0.191964
8 0.290179 0.131696 0.232143 0.200893
8 0.084821 0.138393 0.160714 0.223214
8 0.763393 0.933036 0.205357 0.133929
8 0.968750 0.830357 0.062500 0.205357
