0 0.515625 0.495536 0.352679 0.375000
8 0.361607 0.212054 0.178571 0.209821
8 0.707589 0.285714 0.227679 0.196429
8 0.812500 0.118304 0.196429 0.156250
8 0.937500 0.292411 0.125000 0.209821
8 0.848214 0.506696 0.214286 0.218750
8 0.953125 0.736607 0.093750 0.232143
8 0.779018 0.716518 0.218750 0.191964
8 0.631696 0.808036 0.218750 0.241071
8 0.437500 0.801339 0.187500 0.227679
8 0.232143 0.821429 0.232143 0.196429
8 0.220982 0.589286 0.200893 0.187500
8 0.062500 0.544643 0.116071 0.214286
8 0.049107 0.841518 0.089286 0.183036
8 0.160714 0.263393 0.196429 0.178571
8 0.145089 0.044643 0.281250 0.080357
8 0.879464 0.935268 0.160714 0.129464
8 0.044643 0.180804 0.080357 0.200893
8 0.600446 0.035714 0.200893 0.062500
8 0.680804 0.970982 0.165179 0.058036
