0 0.504464 0.647321 0.419643 0.428571
8 0.448661 0.156250 0.218750 0.196429
8 0.647321 0.089286 0.241071 0.169643
8 0.765625 0.274554 0.263393 0.218750
8 0.656250 0.388393 0.223214 0.178571
8 0.776786 0.580357 0.178571 0.214286
8 0.915179 0.446429 0.169643 0.187500
8 0.917411 0.120536 0.165179 0.187500
8 0.910714 0.700893 0.178571 0.276786
8 0.910714 0.915179 0.178571 0.169643
8 0.712054 0.808036 0.227679 0.196429
8 0.430804 0.908482 0.254464 0.183036
8 0.234375 0.830357 0.200893 0.205357
8 0.232143 0.497768 0.223214 0.200893
8 0.301339 0.301339 0.254464 0.183036
8 0.140625 0.129464 0.245536 0.205357
8 0.058036 0.562500 0.107143 0.214286
8 0.069196 0.792411 0.129464 0.218750
8 0.037946 0.296875 0.066964 0.227679
