0 0.502232 0.508929 0.370536 0.375000
0 0.058036 0.183036 0.062500 0.071429
8 0.383929 0.178571 0.205357 0.196429
8 0.616071 0.178571 0.205357 0.205357
8 0.837054 0.254464 0.227679 0.250000
8 0.921875 0.479911 0.156250 0.245536
8 0.752232 0.627232 0.218750 0.254464
8 0.700893 0.895089 0.258929 0.209821
8 0.419643 0.774554 0.241071 0.218750
8 0.200893 0.832589 0.196429 0.200893
8 0.093750 0.647321 0.178571 0.232143
8 0.207589 0.486607 0.227679 0.223214
8 0.171875 0.256696 0.200893 0.191964
8 0.142857 0.071429 0.241071 0.133929
8 0.908482 0.078125 0.183036 0.147321
