0 0.504464 0.508929 0.375000 0.375000
0 0.254464 0.022321 0.071429 0.035714
0 0.357143 0.214286 0.071429 0.062500
0 0.687500 0.957589 0.035714 0.084821
8 0.660714 0.140625 0.196429 0.209821
8 0.446429 0.120536 0.196429 0.196429
8 0.747768 0.368304 0.191964 0.209821
8 0.872768 0.319196 0.191964 0.209821
8 0.924107 0.564732 0.151786 0.191964
8 0.712054 0.729911 0.218750 0.218750
8 0.901786 0.830357 0.196429 0.196429
8 0.546875 0.895089 0.254464 0.209821
8 0.417411 0.732143 0.272321 0.160714
8 0.296875 0.892857 0.245536 0.214286
8 0.136161 0.957589 0.183036 0.084821
8 0.216518 0.613839 0.209821 0.209821
8 0.071429 0.700893 0.133929 0.223214
8 0.051339 0.464286 0.093750 0.196429
8 0.111607 0.093750 0.214286 0.178571
8 0.877232 0.069196 0.218750 0.129464
