0 0.482143 0.508929 0.401786 0.375000
8 0.261161 0.410714 0.200893 0.232143
8 0.636161 0.245536 0.272321 0.258929
8 0.819196 0.276786 0.263393 0.285714
8 0.930804 0.526786 0.138393 0.223214
8 0.743304 0.591518 0.218750 0.209821
8 0.890625 0.785714 0.209821 0.214286
8 0.785714 0.919643 0.267857 0.160714
8 0.571429 0.808036 0.214286 0.196429
8 0.377232 0.906250 0.245536 0.187500
8 0.147321 0.613839 0.223214 0.174107
8 0.227679 0.187500 0.214286 0.223214
8 0.870536 0.073661 0.214286 0.138393
8 0.060268 0.138393 0.111607 0.241071
