0 0.493304 0.504464 0.406250 0.339286
0 0.064732 0.930804 0.120536 0.129464
8 0.696429 0.254464 0.232143 0.196429
8 0.618304 0.120536 0.218750 0.214286
8 0.388393 0.283482 0.205357 0.191964
8 0.178571 0.252232 0.250000 0.218750
8 0.254464 0.571429 0.214286 0.205357
8 0.375000 0.738839 0.232143 0.200893
8 0.767857 0.627232 0.223214 0.218750
8 0.772321 0.475446 0.205357 0.227679
8 0.933036 0.553571 0.133929 0.205357
8 0.883929 0.093750 0.232143 0.178571
8 0.787946 0.861607 0.227679 0.214286
8 0.435268 0.957589 0.209821 0.084821
8 0.138393 0.772321 0.223214 0.196429
8 0.071429 0.549107 0.133929 0.214286
8 0.113839 0.071429 0.218750 0.133929
8 0.283482 0.966518 0.156250 0.066964
