0 0.520089 0.502232 0.308036 0.308036
8 0.555804 0.180804 0.227679 0.227679
8 0.761161 0.290179 0.227679 0.232143
8 0.308036 0.140625 0.250000 0.183036
8 0.334821 0.075893 0.214286 0.142857
8 0.883929 0.095982 0.214286 0.183036
8 0.946429 0.464286 0.107143 0.214286
8 0.812500 0.578125 0.178571 0.191964
8 0.640625 0.714286 0.263393 0.232143
8 0.310268 0.627232 0.254464 0.209821
8 0.261161 0.399554 0.227679 0.218750
8 0.069196 0.618304 0.129464 0.191964
8 0.060268 0.270089 0.111607 0.218750
8 0.379464 0.950893 0.250000 0.098214
