0 0.497768 0.497768 0.361607 0.370536
0 0.493304 0.497768 0.361607 0.370536
8 0.334821 0.276786 0.196429 0.187500
8 0.488839 0.111607 0.200893 0.169643
8 0.696429 0.234375 0.241071 0.227679
8 0.707589 0.703125 0.174107 0.200893
8 0.520089 0.825893 0.245536 0.169643
8 0.930804 0.790179 0.138393 0.196429
8 0.823661 0.053571 0.227679 0.098214
8 0.191964 0.107143 0.241071 0.205357
8 0.049107 0.321429 0.089286 0.151786
8 0.093750 0.500000 0.178571 0.169643
8 0.261161 0.600446 0.165179 0.218750
8 0.169643 0.821429 0.223214 0.214286
8 0.689732 0.959821 0.200893 0.080357
8 0.977679 0.120536 0.044643 0.133929
8 0.962054 0.973214 0.075893 0.053571
