0 0.502232 0.517857 0.415179 0.392857
0 0.602679 0.069196 0.062500 0.058036
8 0.263393 0.252232 0.205357 0.209821
8 0.506696 0.232143 0.227679 0.205357
8 0.703125 0.294643 0.245536 0.250000
8 0.912946 0.305804 0.174107 0.254464
8 0.946429 0.738839 0.107143 0.218750
8 0.716518 0.904018 0.236607 0.191964
8 0.180804 0.553571 0.263393 0.214286
8 0.100446 0.352679 0.183036 0.196429
8 0.113839 0.046875 0.209821 0.084821
8 0.274554 0.959821 0.209821 0.080357
8 0.031250 0.162946 0.053571 0.165179
8 0.966518 0.145089 0.066964 0.165179
