0 0.515625 0.504464 0.397321 0.437500
8 0.352679 0.220982 0.223214 0.209821
8 0.792411 0.196429 0.254464 0.196429
8 0.799107 0.417411 0.258929 0.227679
8 0.776786 0.618304 0.241071 0.200893
8 0.810268 0.845982 0.218750 0.218750
8 0.598214 0.814732 0.205357 0.254464
8 0.404018 0.915179 0.263393 0.169643
8 0.098214 0.796875 0.187500 0.209821
8 0.247768 0.642857 0.254464 0.241071
8 0.247768 0.417411 0.174107 0.200893
8 0.078125 0.381696 0.147321 0.236607
8 0.187500 0.098214 0.241071 0.187500
8 0.587054 0.082589 0.254464 0.156250
8 0.830357 0.044643 0.232143 0.080357
8 0.955357 0.584821 0.089286 0.187500
8 0.095982 0.955357 0.183036 0.089286
8 0.946429 0.955357 0.107143 0.089286
8 0.964286 0.790179 0.071429 0.151786
8 0.049107 0.587054 0.089286 0.174107
8 0.035714 0.087054 0.062500 0.165179
