0 0.504464 0.517857 0.419643 0.366071
8 0.825893 0.495536 0.250000 0.267857
8 0.928571 0.687500 0.142857 0.223214
8 0.810268 0.828125 0.218750 0.209821
8 0.566964 0.781250 0.241071 0.187500
8 0.484375 0.881696 0.227679 0.183036
8 0.332589 0.904018 0.263393 0.191964
8 0.187500 0.667411 0.267857 0.227679
8 0.107143 0.921875 0.205357 0.156250
8 0.053571 0.410714 0.098214 0.232143
8 0.116071 0.098214 0.223214 0.187500
8 0.321429 0.165179 0.276786 0.223214
8 0.508929 0.062500 0.258929 0.116071
8 0.765625 0.167411 0.281250 0.236607
8 0.941964 0.312500 0.116071 0.258929
