0 0.497768 0.506696 0.352679 0.424107
8 0.305804 0.250000 0.209821 0.214286
8 0.388393 0.165179 0.196429 0.196429
8 0.533482 0.064732 0.227679 0.120536
8 0.761161 0.069196 0.227679 0.129464
8 0.928571 0.102679 0.142857 0.196429
8 0.758929 0.383929 0.294643 0.285714
8 0.825893 0.647321 0.250000 0.241071
8 0.229911 0.497768 0.218750 0.209821
8 0.198661 0.591518 0.227679 0.156250
8 0.136161 0.696429 0.209821 0.187500
8 0.345982 0.712054 0.209821 0.174107
8 0.113839 0.140625 0.218750 0.209821
8 0.363839 0.904018 0.236607 0.191964
8 0.602679 0.910714 0.232143 0.178571
8 0.912946 0.859375 0.174107 0.227679
8 0.962054 0.553571 0.075893 0.294643
8 0.149554 0.946429 0.200893 0.107143
8 0.966518 0.299107 0.066964 0.178571
8 0.290179 0.051339 0.187500 0.093750
8 0.029018 0.823661 0.049107 0.191964
8 0.051339 0.437500 0.093750 0.232143
