0 0.502232 0.511161 0.397321 0.406250
8 0.470982 0.104911 0.236607 0.200893
8 0.709821 0.147321 0.232143 0.214286
8 0.750000 0.337054 0.232143 0.218750
8 0.386161 0.274554 0.272321 0.227679
8 0.258929 0.611607 0.214286 0.223214
8 0.218750 0.466518 0.205357 0.209821
8 0.194196 0.151786 0.227679 0.205357
8 0.098214 0.107143 0.187500 0.205357
8 0.120536 0.910714 0.223214 0.178571
8 0.341518 0.872768 0.218750 0.236607
8 0.537946 0.915179 0.183036 0.169643
8 0.741071 0.906250 0.241071 0.187500
8 0.959821 0.745536 0.080357 0.223214
8 0.957589 0.276786 0.084821 0.232143
