0 0.506696 0.511161 0.388393 0.352679
0 0.167411 0.386161 0.093750 0.102679
0 0.035714 0.363839 0.062500 0.120536
0 0.154018 0.953125 0.147321 0.093750
8 0.727679 0.281250 0.178571 0.205357
8 0.805804 0.542411 0.236607 0.254464
8 0.660714 0.892857 0.223214 0.205357
8 0.437500 0.870536 0.178571 0.178571
8 0.303571 0.765625 0.187500 0.200893
8 0.087054 0.736607 0.165179 0.169643
8 0.196429 0.531250 0.223214 0.232143
8 0.116071 0.176339 0.223214 0.236607
8 0.738839 0.069196 0.218750 0.129464
8 0.935268 0.138393 0.129464 0.223214
8 0.937500 0.832589 0.125000 0.227679
