0 0.500000 0.502232 0.330357 0.308036
8 0.334821 0.330357 0.205357 0.205357
8 0.595982 0.267857 0.191964 0.178571
8 0.810268 0.254464 0.200893 0.241071
8 0.897321 0.468750 0.205357 0.258929
8 0.785714 0.799107 0.205357 0.196429
8 0.625000 0.897321 0.241071 0.205357
8 0.441964 0.122768 0.223214 0.191964
8 0.725446 0.078125 0.236607 0.147321
8 0.131696 0.379464 0.227679 0.223214
8 0.272321 0.593750 0.241071 0.223214
8 0.314732 0.830357 0.200893 0.214286
8 0.075893 0.589286 0.142857 0.241071
8 0.937500 0.959821 0.125000 0.080357
8 0.035714 0.792411 0.062500 0.165179
