0 0.484375 0.515625 0.379464 0.343750
0 0.569196 0.772321 0.093750 0.071429
0 0.238839 0.575893 0.058036 0.044643
8 0.656250 0.111607 0.223214 0.169643
8 0.803571 0.281250 0.267857 0.205357
8 0.779018 0.640625 0.254464 0.272321
8 0.944196 0.616071 0.111607 0.214286
8 0.290179 0.745536 0.241071 0.223214
8 0.107143 0.863839 0.196429 0.227679
8 0.058036 0.171875 0.107143 0.272321
8 0.194196 0.095982 0.200893 0.183036
8 0.406250 0.104911 0.196429 0.200893
8 0.875000 0.078125 0.205357 0.147321
8 0.955357 0.118304 0.089286 0.156250
