0 0.448661 0.506696 0.379464 0.361607
8 0.229911 0.350446 0.183036 0.272321
8 0.694196 0.252232 0.245536 0.227679
8 0.837054 0.415179 0.209821 0.196429
8 0.883929 0.174107 0.232143 0.258929
8 0.741071 0.580357 0.241071 0.205357
8 0.785714 0.792411 0.250000 0.218750
8 0.904018 0.765625 0.191964 0.254464
8 0.582589 0.899554 0.272321 0.200893
8 0.321429 0.888393 0.232143 0.223214
8 0.234375 0.680804 0.218750 0.218750
8 0.109375 0.872768 0.209821 0.254464
8 0.082589 0.526786 0.156250 0.250000
8 0.142857 0.109375 0.223214 0.209821
8 0.611607 0.082589 0.276786 0.156250
8 0.334821 0.062500 0.294643 0.116071
