0 0.500000 0.520089 0.339286 0.379464
8 0.542411 0.087054 0.236607 0.165179
8 0.508929 0.162946 0.223214 0.165179
8 0.441964 0.254464 0.294643 0.205357
8 0.904018 0.236607 0.191964 0.178571
8 0.924107 0.339286 0.151786 0.178571
8 0.866071 0.580357 0.267857 0.250000
8 0.700893 0.718750 0.241071 0.223214
8 0.542411 0.908482 0.254464 0.183036
8 0.895089 0.073661 0.209821 0.138393
8 0.071429 0.158482 0.133929 0.236607
8 0.120536 0.508929 0.232143 0.250000
8 0.252232 0.729911 0.227679 0.299107
8 0.189732 0.915179 0.227679 0.169643
