0 0.484375 0.491071 0.352679 0.321429
0 0.046875 0.814732 0.075893 0.084821
0 0.060268 0.627232 0.084821 0.049107
0 0.285714 0.238839 0.053571 0.093750
0 0.392857 0.250000 0.080357 0.089286
0 0.044643 0.544643 0.062500 0.089286
8 0.636161 0.129464 0.281250 0.214286
8 0.901786 0.198661 0.196429 0.200893
8 0.801339 0.654018 0.209821 0.299107
8 0.930804 0.850446 0.138393 0.254464
8 0.613839 0.897321 0.236607 0.205357
8 0.254464 0.654018 0.285714 0.191964
8 0.225446 0.511161 0.209821 0.254464
8 0.120536 0.229911 0.232143 0.245536
8 0.147321 0.102679 0.214286 0.196429
8 0.419643 0.064732 0.196429 0.120536
8 0.162946 0.915179 0.236607 0.169643
8 0.924107 0.040179 0.151786 0.071429
