0 0.491071 0.500000 0.401786 0.303571
0 0.926339 0.669643 0.138393 0.107143
0 0.794643 0.180804 0.133929 0.147321
8 0.258929 0.334821 0.223214 0.214286
8 0.747768 0.377232 0.209821 0.218750
8 0.808036 0.752232 0.232143 0.209821
8 0.589286 0.810268 0.223214 0.165179
8 0.093750 0.852679 0.160714 0.205357
8 0.292411 0.939732 0.209821 0.120536
8 0.712054 0.966518 0.156250 0.066964
8 0.899554 0.928571 0.191964 0.142857
8 0.970982 0.622768 0.058036 0.156250
8 0.944196 0.383929 0.111607 0.196429
8 0.843750 0.040179 0.232143 0.071429
8 0.035714 0.205357 0.062500 0.151786
