0 0.513393 0.537946 0.339286 0.352679
8 0.747768 0.234375 0.227679 0.218750
8 0.875000 0.328125 0.250000 0.209821
8 0.948661 0.500000 0.102679 0.214286
8 0.841518 0.758929 0.245536 0.223214
8 0.584821 0.816964 0.258929 0.214286
8 0.426339 0.857143 0.254464 0.205357
8 0.136161 0.647321 0.200893 0.223214
8 0.185268 0.433036 0.236607 0.214286
8 0.381696 0.263393 0.290179 0.232143
8 0.397321 0.095982 0.223214 0.183036
8 0.142857 0.075893 0.232143 0.142857
8 0.071429 0.674107 0.133929 0.187500
8 0.258929 0.962054 0.187500 0.075893
8 0.075893 0.962054 0.142857 0.075893
8 0.607143 0.031250 0.196429 0.053571
