0 0.500000 0.526786 0.348214 0.392857
8 0.113839 0.247768 0.218750 0.209821
8 0.361607 0.272321 0.285714 0.223214
8 0.450893 0.165179 0.241071 0.223214
8 0.774554 0.495536 0.218750 0.241071
8 0.910714 0.265625 0.178571 0.236607
8 0.948661 0.491071 0.102679 0.258929
8 0.714286 0.720982 0.214286 0.281250
8 0.504464 0.810268 0.312500 0.218750
8 0.203125 0.828125 0.227679 0.227679
8 0.058036 0.607143 0.107143 0.250000
8 0.337054 0.950893 0.218750 0.098214
8 0.707589 0.939732 0.218750 0.120536
8 0.200893 0.087054 0.258929 0.165179
8 0.109375 0.962054 0.209821 0.075893
