0 0.502232 0.502232 0.334821 0.343750
8 0.582589 0.209821 0.299107 0.232143
8 0.816964 0.267857 0.232143 0.267857
8 0.852679 0.513393 0.214286 0.214286
8 0.787946 0.589286 0.245536 0.250000
8 0.779018 0.816964 0.218750 0.205357
8 0.607143 0.890625 0.223214 0.218750
8 0.325893 0.919643 0.258929 0.160714
8 0.158482 0.794643 0.254464 0.205357
8 0.232143 0.642857 0.258929 0.187500
8 0.229911 0.466518 0.218750 0.209821
8 0.058036 0.546875 0.107143 0.236607
8 0.062500 0.301339 0.116071 0.245536
8 0.256696 0.234375 0.245536 0.200893
8 0.294643 0.118304 0.214286 0.200893
8 0.100446 0.055804 0.191964 0.102679
8 0.513393 0.053571 0.232143 0.098214
8 0.779018 0.078125 0.254464 0.147321
