0 0.486607 0.566964 0.428571 0.383929
8 0.241071 0.254464 0.258929 0.214286
8 0.667411 0.205357 0.227679 0.223214
8 0.792411 0.408482 0.263393 0.209821
8 0.904018 0.598214 0.191964 0.241071
8 0.790179 0.674107 0.223214 0.214286
8 0.747768 0.883929 0.263393 0.232143
8 0.546875 0.917411 0.227679 0.165179
8 0.339286 0.825893 0.250000 0.232143
8 0.116071 0.750000 0.223214 0.214286
8 0.080357 0.522321 0.151786 0.312500
8 0.243304 0.562500 0.245536 0.276786
8 0.877232 0.183036 0.245536 0.250000
8 0.866071 0.075893 0.178571 0.142857
