0 0.495536 0.511161 0.392857 0.370536
8 0.207589 0.107143 0.200893 0.196429
8 0.205357 0.312500 0.214286 0.205357
8 0.265625 0.678571 0.263393 0.214286
8 0.377232 0.886161 0.245536 0.227679
8 0.716518 0.705357 0.200893 0.223214
8 0.928571 0.470982 0.142857 0.227679
8 0.937500 0.678571 0.125000 0.196429
8 0.892857 0.109375 0.214286 0.209821
8 0.433036 0.058036 0.232143 0.107143
8 0.089286 0.479911 0.169643 0.209821
8 0.064732 0.723214 0.120536 0.232143
8 0.183036 0.950893 0.241071 0.098214
8 0.082589 0.031250 0.156250 0.053571
