0 0.475446 0.537946 0.388393 0.316964
8 0.129464 0.245536 0.214286 0.187500
8 0.205357 0.381696 0.178571 0.227679
8 0.363839 0.225446 0.227679 0.191964
8 0.636161 0.287946 0.191964 0.200893
8 0.852679 0.113839 0.187500 0.218750
8 0.636161 0.089286 0.236607 0.160714
8 0.475446 0.078125 0.191964 0.138393
8 0.939732 0.267857 0.120536 0.241071
8 0.767857 0.508929 0.151786 0.196429
8 0.937500 0.600446 0.125000 0.147321
8 0.794643 0.776786 0.205357 0.205357
8 0.584821 0.792411 0.196429 0.209821
8 0.372768 0.857143 0.191964 0.241071
8 0.267857 0.714286 0.232143 0.205357
8 0.071429 0.515625 0.133929 0.200893
8 0.089286 0.774554 0.160714 0.254464
8 0.107143 0.058036 0.151786 0.107143
8 0.955357 0.801339 0.089286 0.227679
8 0.819196 0.426339 0.200893 0.209821
