0 0.526786 0.508929 0.321429 0.375000
0 0.850446 0.348214 0.075893 0.053571
8 0.555804 0.218750 0.227679 0.196429
8 0.810268 0.138393 0.272321 0.241071
8 0.743304 0.404018 0.218750 0.316964
8 0.366071 0.776786 0.267857 0.250000
8 0.430804 0.941964 0.254464 0.116071
8 0.696429 0.906250 0.232143 0.187500
8 0.140625 0.743304 0.227679 0.227679
8 0.107143 0.924107 0.205357 0.151786
8 0.243304 0.564732 0.236607 0.200893
8 0.142857 0.399554 0.196429 0.200893
8 0.334821 0.299107 0.214286 0.258929
8 0.265625 0.102679 0.272321 0.196429
8 0.051339 0.214286 0.093750 0.241071
8 0.948661 0.504464 0.102679 0.196429
8 0.924107 0.933036 0.151786 0.133929
