0 0.495536 0.555804 0.294643 0.308036
8 0.658482 0.111607 0.218750 0.214286
8 0.765625 0.301339 0.227679 0.200893
8 0.758929 0.517857 0.223214 0.241071
8 0.939732 0.752232 0.120536 0.245536
8 0.720982 0.850446 0.227679 0.200893
8 0.899554 0.930804 0.200893 0.138393
8 0.848214 0.058036 0.214286 0.107143
8 0.424107 0.055804 0.205357 0.102679
8 0.316964 0.178571 0.223214 0.214286
8 0.194196 0.345982 0.254464 0.245536
8 0.218750 0.591518 0.223214 0.236607
8 0.372768 0.770089 0.263393 0.227679
8 0.316964 0.935268 0.241071 0.129464
8 0.075893 0.946429 0.142857 0.107143
8 0.058036 0.537946 0.107143 0.343750
8 0.095982 0.071429 0.183036 0.133929
8 0.959821 0.270089 0.080357 0.236607
