0 0.477679 0.502232 0.366071 0.325893
0 0.252232 0.060268 0.084821 0.075893
0 0.455357 0.272321 0.107143 0.098214
0 0.718750 0.508929 0.071429 0.089286
8 0.214286 0.330357 0.250000 0.232143
8 0.265625 0.676339 0.263393 0.245536
8 0.598214 0.868304 0.267857 0.263393
8 0.841518 0.799107 0.218750 0.267857
8 0.750000 0.678571 0.258929 0.223214
8 0.939732 0.421875 0.120536 0.209821
8 0.796875 0.267857 0.272321 0.232143
8 0.901786 0.102679 0.196429 0.196429
8 0.589286 0.245536 0.205357 0.196429
8 0.529018 0.107143 0.272321 0.205357
8 0.082589 0.479911 0.156250 0.200893
8 0.089286 0.799107 0.169643 0.214286
8 0.372768 0.939732 0.200893 0.120536
8 0.966518 0.671875 0.066964 0.183036
8 0.799107 0.049107 0.267857 0.089286
