0 0.504464 0.504464 0.392857 0.428571
8 0.274554 0.314732 0.218750 0.236607
8 0.676339 0.252232 0.263393 0.245536
8 0.783482 0.569196 0.218750 0.245536
8 0.741071 0.799107 0.267857 0.214286
8 0.379464 0.761161 0.267857 0.245536
8 0.187500 0.845982 0.267857 0.254464
8 0.544643 0.946429 0.267857 0.107143
8 0.892857 0.352679 0.178571 0.258929
8 0.850446 0.102679 0.245536 0.196429
8 0.578125 0.100446 0.227679 0.191964
8 0.350446 0.087054 0.218750 0.165179
8 0.087054 0.265625 0.165179 0.245536
8 0.156250 0.069196 0.232143 0.129464
8 0.948661 0.915179 0.102679 0.169643
8 0.787946 0.955357 0.200893 0.089286
