0 0.511161 0.504464 0.352679 0.419643
0 0.332589 0.033482 0.138393 0.058036
8 0.294643 0.187500 0.241071 0.205357
8 0.540179 0.218750 0.241071 0.232143
8 0.832589 0.250000 0.254464 0.241071
8 0.895089 0.395089 0.209821 0.236607
8 0.747768 0.515625 0.218750 0.263393
8 0.562500 0.743304 0.303571 0.236607
8 0.729911 0.837054 0.209821 0.236607
8 0.877232 0.930804 0.245536 0.138393
8 0.508929 0.917411 0.276786 0.165179
8 0.069196 0.823661 0.129464 0.245536
8 0.154018 0.354911 0.254464 0.209821
8 0.095982 0.118304 0.183036 0.227679
8 0.870536 0.053571 0.196429 0.098214
8 0.598214 0.042411 0.223214 0.075893
