0 0.500000 0.493304 0.428571 0.308036
8 0.446429 0.292411 0.294643 0.200893
8 0.178571 0.254464 0.276786 0.267857
8 0.609375 0.093750 0.263393 0.178571
8 0.877232 0.370536 0.245536 0.232143
8 0.937500 0.549107 0.125000 0.196429
8 0.904018 0.738839 0.191964 0.218750
8 0.890625 0.919643 0.218750 0.160714
8 0.611607 0.921875 0.258929 0.156250
8 0.312500 0.912946 0.303571 0.165179
8 0.258929 0.821429 0.267857 0.160714
8 0.062500 0.774554 0.116071 0.191964
8 0.053571 0.656250 0.098214 0.187500
8 0.205357 0.589286 0.205357 0.187500
8 0.908482 0.131696 0.174107 0.218750
8 0.075893 0.073661 0.142857 0.138393
