0 0.493304 0.502232 0.379464 0.334821
0 0.743304 0.145089 0.093750 0.102679
8 0.285714 0.337054 0.223214 0.227679
8 0.542411 0.236607 0.263393 0.205357
8 0.801339 0.459821 0.191964 0.276786
8 0.642857 0.667411 0.258929 0.129464
8 0.406250 0.747768 0.294643 0.191964
8 0.254464 0.832589 0.294643 0.218750
8 0.194196 0.558036 0.245536 0.205357
8 0.116071 0.156250 0.223214 0.223214
8 0.430804 0.073661 0.245536 0.138393
8 0.926339 0.216518 0.147321 0.245536
8 0.886161 0.948661 0.227679 0.102679
8 0.957589 0.506696 0.084821 0.209821
