0 0.491071 0.506696 0.294643 0.325893
0 0.691964 0.352679 0.062500 0.062500
0 0.872768 0.529018 0.254464 0.290179
8 0.368304 0.194196 0.245536 0.218750
8 0.620536 0.093750 0.258929 0.178571
8 0.073661 0.075893 0.138393 0.142857
8 0.066964 0.294643 0.125000 0.258929
8 0.116071 0.720982 0.223214 0.245536
8 0.419643 0.763393 0.303571 0.267857
8 0.716518 0.756696 0.236607 0.245536
8 0.901786 0.812500 0.196429 0.250000
8 0.296875 0.953125 0.263393 0.093750
8 0.033482 0.754464 0.058036 0.187500
8 0.966518 0.149554 0.066964 0.191964
