0 0.500000 0.500000 0.428571 0.428571
8 0.542411 0.194196 0.254464 0.218750
8 0.908482 0.270089 0.183036 0.227679
8 0.774554 0.604911 0.200893 0.263393
8 0.613839 0.792411 0.254464 0.245536
8 0.410714 0.928571 0.258929 0.142857
8 0.270089 0.750000 0.218750 0.214286
8 0.227679 0.506696 0.205357 0.227679
8 0.098214 0.359375 0.187500 0.236607
8 0.283482 0.174107 0.227679 0.241071
8 0.093750 0.122768 0.178571 0.209821
8 0.734375 0.084821 0.191964 0.160714
8 0.890625 0.058036 0.209821 0.107143
8 0.049107 0.754464 0.089286 0.187500
