0 0.488839 0.484375 0.343750 0.343750
8 0.729911 0.218750 0.174107 0.214286
8 0.707589 0.113839 0.218750 0.200893
8 0.955357 0.357143 0.089286 0.232143
8 0.879464 0.712054 0.241071 0.191964
8 0.212054 0.189732 0.183036 0.183036
8 0.379464 0.125000 0.160714 0.232143
8 0.707589 0.808036 0.147321 0.214286
8 0.479911 0.752232 0.263393 0.183036
8 0.564732 0.904018 0.227679 0.174107
8 0.366071 0.895089 0.187500 0.183036
8 0.272321 0.839286 0.160714 0.214286
8 0.258929 0.718750 0.160714 0.169643
8 0.109375 0.718750 0.147321 0.169643
8 0.129464 0.944196 0.205357 0.111607
8 0.058036 0.479911 0.107143 0.183036
8 0.044643 0.312500 0.080357 0.160714
