0 0.497768 0.495536 0.361607 0.348214
8 0.890625 0.357143 0.165179 0.205357
8 0.953125 0.276786 0.093750 0.241071
8 0.571429 0.198661 0.214286 0.209821
8 0.718750 0.133929 0.232143 0.214286
8 0.493304 0.051339 0.254464 0.093750
8 0.212054 0.261161 0.245536 0.263393
8 0.082589 0.426339 0.156250 0.236607
8 0.573661 0.839286 0.227679 0.169643
8 0.743304 0.691964 0.245536 0.276786
8 0.937500 0.736607 0.125000 0.258929
8 0.850446 0.915179 0.218750 0.169643
8 0.093750 0.930804 0.178571 0.138393
8 0.035714 0.618304 0.062500 0.183036
8 0.392857 0.964286 0.169643 0.071429
