0 0.497768 0.495536 0.406250 0.419643
8 0.372768 0.207589 0.263393 0.245536
8 0.743304 0.270089 0.209821 0.227679
8 0.933036 0.341518 0.133929 0.254464
8 0.912946 0.591518 0.174107 0.209821
8 0.910714 0.837054 0.178571 0.191964
8 0.763393 0.678571 0.178571 0.223214
8 0.564732 0.756696 0.254464 0.138393
8 0.638393 0.921875 0.241071 0.138393
8 0.352679 0.910714 0.267857 0.178571
8 0.305804 0.694196 0.174107 0.227679
8 0.113839 0.640625 0.191964 0.200893
8 0.169643 0.348214 0.205357 0.232143
8 0.765625 0.073661 0.209821 0.138393
8 0.560268 0.037946 0.147321 0.066964
8 0.049107 0.209821 0.089286 0.214286
8 0.098214 0.959821 0.178571 0.080357
