0 0.493304 0.502232 0.316964 0.450893
8 0.687500 0.292411 0.223214 0.236607
8 0.774554 0.176339 0.227679 0.236607
8 0.944196 0.162946 0.111607 0.245536
8 0.839286 0.502232 0.241071 0.227679
8 0.845982 0.750000 0.218750 0.241071
8 0.620536 0.814732 0.250000 0.209821
8 0.223214 0.832589 0.258929 0.200893
8 0.310268 0.928571 0.227679 0.142857
8 0.283482 0.524554 0.174107 0.183036
8 0.093750 0.591518 0.178571 0.200893
8 0.198661 0.198661 0.236607 0.191964
8 0.417411 0.198661 0.218750 0.209821
8 0.660714 0.966518 0.205357 0.066964
8 0.040179 0.267857 0.071429 0.196429
8 0.053571 0.174107 0.098214 0.196429
8 0.401786 0.026786 0.169643 0.044643
8 0.089286 0.029018 0.169643 0.049107
8 0.964286 0.886161 0.071429 0.218750
8 0.187500 0.524554 0.196429 0.200893
