0 0.500000 0.495536 0.428571 0.401786
8 0.316964 0.129464 0.250000 0.250000
8 0.825893 0.232143 0.232143 0.196429
8 0.888393 0.113839 0.214286 0.218750
8 0.839286 0.464286 0.267857 0.241071
8 0.950893 0.714286 0.098214 0.241071
8 0.636161 0.825893 0.245536 0.196429
8 0.455357 0.776786 0.232143 0.196429
8 0.685268 0.928571 0.209821 0.142857
8 0.892857 0.917411 0.214286 0.165179
8 0.354911 0.924107 0.245536 0.151786
8 0.167411 0.794643 0.272321 0.196429
8 0.187500 0.691964 0.241071 0.250000
8 0.200893 0.446429 0.241071 0.303571
8 0.102679 0.046875 0.196429 0.084821
8 0.462054 0.037946 0.245536 0.066964
8 0.035714 0.620536 0.062500 0.196429
