0 0.477679 0.553571 0.437500 0.392857
8 0.486607 0.212054 0.160714 0.183036
8 0.475446 0.109375 0.236607 0.209821
8 0.875000 0.256696 0.250000 0.245536
8 0.863839 0.526786 0.245536 0.223214
8 0.837054 0.908482 0.227679 0.183036
8 0.566964 0.917411 0.223214 0.165179
8 0.345982 0.950893 0.236607 0.098214
8 0.149554 0.524554 0.191964 0.218750
8 0.053571 0.680804 0.098214 0.191964
8 0.091518 0.303571 0.174107 0.214286
8 0.296875 0.283482 0.200893 0.218750
8 0.122768 0.049107 0.236607 0.089286
8 0.908482 0.058036 0.183036 0.107143
