0 0.493304 0.500000 0.308036 0.410714
8 0.430804 0.071429 0.200893 0.133929
8 0.308036 0.069196 0.196429 0.129464
8 0.187500 0.301339 0.214286 0.254464
8 0.049107 0.214286 0.089286 0.214286
8 0.053571 0.441964 0.098214 0.223214
8 0.136161 0.725446 0.191964 0.218750
8 0.107143 0.904018 0.205357 0.191964
8 0.524554 0.901786 0.227679 0.196429
8 0.627232 0.734375 0.227679 0.183036
8 0.794643 0.591518 0.223214 0.263393
8 0.779018 0.368304 0.227679 0.209821
8 0.857143 0.069196 0.232143 0.129464
8 0.968750 0.741071 0.062500 0.214286
8 0.705357 0.973214 0.160714 0.053571
8 0.973214 0.189732 0.053571 0.183036
