0 0.495536 0.495536 0.410714 0.446429
0 0.651786 0.837054 0.107143 0.093750
0 0.142857 0.035714 0.107143 0.053571
0 0.756696 0.689732 0.066964 0.084821
8 0.245536 0.167411 0.258929 0.236607
8 0.100446 0.176339 0.191964 0.254464
8 0.095982 0.459821 0.183036 0.214286
8 0.147321 0.676339 0.160714 0.174107
8 0.238839 0.654018 0.191964 0.200893
8 0.455357 0.881696 0.214286 0.209821
8 0.754464 0.651786 0.196429 0.223214
8 0.912946 0.671875 0.174107 0.218750
8 0.765625 0.924107 0.209821 0.151786
8 0.924107 0.426339 0.151786 0.254464
8 0.776786 0.495536 0.232143 0.196429
8 0.919643 0.118304 0.160714 0.227679
8 0.750000 0.062500 0.241071 0.116071
8 0.504464 0.089286 0.250000 0.169643
8 0.950893 0.888393 0.098214 0.205357
8 0.033482 0.850446 0.058036 0.218750
