0 0.495536 0.546875 0.428571 0.397321
8 0.508929 0.118304 0.214286 0.227679
8 0.227679 0.120536 0.223214 0.232143
8 0.060268 0.093750 0.111607 0.178571
8 0.058036 0.439732 0.107143 0.218750
8 0.151786 0.569196 0.223214 0.209821
8 0.303571 0.700893 0.187500 0.214286
8 0.732143 0.723214 0.196429 0.187500
8 0.765625 0.616071 0.183036 0.187500
8 0.930804 0.613839 0.138393 0.200893
8 0.906250 0.390625 0.187500 0.236607
8 0.957589 0.196429 0.084821 0.187500
8 0.765625 0.926339 0.236607 0.147321
8 0.473214 0.950893 0.223214 0.098214
8 0.375000 0.895089 0.214286 0.165179
8 0.191964 0.937500 0.223214 0.125000
8 0.071429 0.850446 0.133929 0.236607
