0 0.308036 0.604911 0.035714 0.004464
0 0.495536 0.486607 0.383929 0.446429
0 0.252232 0.607143 0.093750 0.142857
8 0.095982 0.325893 0.183036 0.214286
8 0.308036 0.258929 0.250000 0.250000
8 0.508929 0.151786 0.232143 0.258929
8 0.669643 0.229911 0.187500 0.236607
8 0.868304 0.321429 0.245536 0.232143
8 0.906250 0.069196 0.187500 0.129464
8 0.834821 0.526786 0.294643 0.187500
8 0.892857 0.712054 0.214286 0.200893
8 0.540179 0.895089 0.223214 0.183036
8 0.417411 0.801339 0.272321 0.209821
8 0.165179 0.738839 0.160714 0.138393
8 0.109375 0.620536 0.165179 0.169643
8 0.080357 0.944196 0.151786 0.111607
8 0.328125 0.959821 0.218750 0.080357
