0 0.500000 0.511161 0.428571 0.361607
8 0.337054 0.156250 0.245536 0.232143
8 0.696429 0.310268 0.205357 0.183036
8 0.747768 0.430804 0.183036 0.183036
8 0.904018 0.372768 0.191964 0.263393
8 0.843750 0.107143 0.285714 0.205357
8 0.705357 0.678571 0.250000 0.250000
8 0.837054 0.946429 0.254464 0.107143
8 0.261161 0.879464 0.209821 0.187500
8 0.290179 0.658482 0.241071 0.209821
8 0.089286 0.562500 0.169643 0.232143
8 0.261161 0.457589 0.200893 0.236607
8 0.084821 0.125000 0.160714 0.241071
8 0.033482 0.330357 0.058036 0.151786
