0 0.533482 0.466518 0.486607 0.549107
8 0.165179 0.415179 0.205357 0.214286
8 0.227679 0.314732 0.205357 0.183036
8 0.089286 0.250000 0.169643 0.169643
8 0.087054 0.113839 0.165179 0.218750
8 0.571429 0.229911 0.232143 0.200893
8 0.709821 0.098214 0.223214 0.187500
8 0.258929 0.046875 0.223214 0.084821
8 0.883929 0.258929 0.232143 0.214286
8 0.792411 0.477679 0.272321 0.258929
8 0.872768 0.696429 0.227679 0.214286
8 0.814732 0.895089 0.272321 0.209821
8 0.205357 0.783482 0.214286 0.218750
8 0.120536 0.729911 0.214286 0.191964
8 0.113839 0.935268 0.218750 0.129464
8 0.415179 0.962054 0.214286 0.075893
