0 0.495536 0.466518 0.419643 0.468750
8 0.801339 0.250000 0.263393 0.205357
8 0.781250 0.457589 0.205357 0.218750
8 0.950893 0.669643 0.098214 0.187500
8 0.716518 0.758929 0.183036 0.187500
8 0.897321 0.848214 0.205357 0.241071
8 0.964286 0.334821 0.071429 0.196429
8 0.924107 0.107143 0.151786 0.178571
8 0.765625 0.066964 0.227679 0.125000
8 0.551339 0.095982 0.218750 0.183036
8 0.294643 0.296875 0.214286 0.245536
8 0.113839 0.191964 0.183036 0.241071
8 0.080357 0.466518 0.151786 0.236607
8 0.078125 0.674107 0.147321 0.187500
8 0.200893 0.796875 0.187500 0.218750
8 0.245536 0.667411 0.214286 0.236607
8 0.406250 0.848214 0.232143 0.196429
8 0.390625 0.955357 0.200893 0.089286
8 0.122768 0.964286 0.209821 0.071429
8 0.113839 0.031250 0.174107 0.053571
8 0.343750 0.029018 0.178571 0.049107
8 0.819196 0.962054 0.183036 0.075893
