0 0.511161 0.502232 0.325893 0.316964
8 0.845982 0.573661 0.227679 0.218750
8 0.776786 0.752232 0.214286 0.209821
8 0.542411 0.772321 0.236607 0.196429
8 0.491071 0.928571 0.241071 0.142857
8 0.901786 0.955357 0.196429 0.089286
8 0.200893 0.816964 0.223214 0.160714
8 0.058036 0.727679 0.107143 0.223214
8 0.107143 0.491071 0.205357 0.214286
8 0.064732 0.308036 0.120536 0.187500
8 0.220982 0.241071 0.245536 0.205357
8 0.408482 0.104911 0.263393 0.200893
8 0.654018 0.100446 0.200893 0.191964
8 0.732143 0.069196 0.187500 0.129464
8 0.924107 0.084821 0.151786 0.160714
