0 0.515625 0.508929 0.308036 0.357143
0 0.723214 0.770089 0.071429 0.093750
8 0.662946 0.229911 0.236607 0.236607
8 0.883929 0.651786 0.205357 0.258929
8 0.955357 0.848214 0.089286 0.241071
8 0.700893 0.901786 0.250000 0.196429
8 0.341518 0.696429 0.281250 0.241071
8 0.116071 0.542411 0.205357 0.191964
8 0.250000 0.435268 0.232143 0.254464
8 0.334821 0.252232 0.187500 0.227679
8 0.350446 0.109375 0.200893 0.209821
8 0.095982 0.042411 0.183036 0.075893
8 0.100446 0.294643 0.191964 0.276786
8 0.049107 0.794643 0.089286 0.169643
8 0.078125 0.926339 0.147321 0.147321
