7 0.497768 0.500000 0.424107 0.446429
7 0.125000 0.685268 0.107143 0.093750
8 0.305804 0.194196 0.299107 0.263393
8 0.089286 0.283482 0.169643 0.236607
8 0.839286 0.323661 0.241071 0.245536
8 0.691964 0.102679 0.267857 0.196429
8 0.933036 0.113839 0.133929 0.218750
8 0.933036 0.752232 0.133929 0.290179
8 0.649554 0.930804 0.281250 0.138393
8 0.102679 0.897321 0.196429 0.205357
8 0.129464 0.683036 0.241071 0.285714
8 0.910714 0.964286 0.178571 0.071429
8 0.234375 0.966518 0.227679 0.066964
8 0.138393 0.069196 0.214286 0.129464
