7 0.484375 0.537946 0.406250 0.566964
7 0.785714 0.589286 0.071429 0.098214
8 0.595982 0.158482 0.209821 0.209821
8 0.886161 0.098214 0.227679 0.187500
8 0.926339 0.491071 0.147321 0.241071
8 0.941964 0.801339 0.116071 0.218750
8 0.957589 0.258929 0.084821 0.187500
8 0.776786 0.761161 0.214286 0.227679
8 0.640625 0.883929 0.272321 0.205357
8 0.136161 0.879464 0.236607 0.214286
8 0.127232 0.453125 0.218750 0.209821
8 0.218750 0.138393 0.258929 0.250000
8 0.658482 0.040179 0.209821 0.071429
8 0.419643 0.964286 0.178571 0.071429
