7 0.328125 0.232143 0.147321 0.125000
7 0.051339 0.950893 0.093750 0.080357
7 0.667411 0.745536 0.049107 0.062500
7 0.500000 0.495536 0.383929 0.348214
8 0.156250 0.223214 0.214286 0.214286
8 0.314732 0.089286 0.209821 0.169643
8 0.558036 0.223214 0.294643 0.232143
8 0.841518 0.392857 0.227679 0.241071
8 0.761161 0.560268 0.174107 0.245536
8 0.906250 0.714286 0.187500 0.196429
8 0.776786 0.890625 0.241071 0.218750
8 0.555804 0.834821 0.218750 0.267857
8 0.388393 0.752232 0.250000 0.209821
8 0.250000 0.895089 0.223214 0.209821
8 0.040179 0.808036 0.071429 0.223214
8 0.218750 0.573661 0.205357 0.200893
8 0.102679 0.417411 0.196429 0.165179
