7 0.493304 0.486607 0.352679 0.366071
8 0.261161 0.256696 0.263393 0.200893
8 0.212054 0.466518 0.218750 0.209821
8 0.196429 0.609375 0.178571 0.165179
8 0.310268 0.685268 0.183036 0.218750
8 0.549107 0.796875 0.250000 0.218750
8 0.776786 0.799107 0.223214 0.196429
8 0.930804 0.709821 0.138393 0.196429
8 0.781250 0.598214 0.205357 0.178571
8 0.796875 0.457589 0.200893 0.209821
8 0.877232 0.377232 0.227679 0.191964
8 0.921875 0.180804 0.156250 0.200893
8 0.718750 0.125000 0.196429 0.196429
8 0.622768 0.098214 0.183036 0.187500
8 0.839286 0.058036 0.232143 0.107143
8 0.435268 0.154018 0.209821 0.209821
8 0.229911 0.049107 0.218750 0.089286
8 0.066964 0.178571 0.125000 0.196429
8 0.049107 0.446429 0.089286 0.223214
8 0.136161 0.805804 0.218750 0.200893
8 0.138393 0.946429 0.178571 0.107143
8 0.390625 0.906250 0.191964 0.160714
8 0.845982 0.959821 0.218750 0.080357
8 0.055804 0.044643 0.102679 0.080357
8 0.558036 0.970982 0.178571 0.058036
