7 0.482143 0.500000 0.401786 0.446429
7 0.816964 0.258929 0.089286 0.098214
8 0.830357 0.468750 0.223214 0.232143
8 0.765625 0.341518 0.227679 0.191964
8 0.937500 0.261161 0.125000 0.218750
8 0.946429 0.607143 0.107143 0.241071
8 0.895089 0.801339 0.209821 0.209821
8 0.707589 0.736607 0.245536 0.232143
8 0.455357 0.845982 0.258929 0.227679
8 0.220982 0.736607 0.254464 0.205357
8 0.122768 0.919643 0.236607 0.160714
8 0.223214 0.426339 0.196429 0.191964
8 0.055804 0.468750 0.102679 0.232143
8 0.091518 0.250000 0.174107 0.223214
8 0.283482 0.205357 0.218750 0.205357
8 0.513393 0.171875 0.267857 0.236607
8 0.736607 0.102679 0.241071 0.196429
8 0.120536 0.073661 0.232143 0.138393
8 0.941964 0.069196 0.116071 0.129464
8 0.787946 0.966518 0.200893 0.066964
8 0.560268 0.962054 0.183036 0.075893
