7 0.515625 0.745536 0.075893 0.107143
7 0.535714 0.953125 0.080357 0.093750
7 0.654018 0.979911 0.066964 0.040179
7 0.526786 0.511161 0.410714 0.334821
8 0.252232 0.071429 0.245536 0.133929
8 0.062500 0.051339 0.116071 0.093750
8 0.058036 0.205357 0.107143 0.196429
8 0.133929 0.390625 0.258929 0.254464
8 0.464286 0.129464 0.196429 0.250000
8 0.774554 0.102679 0.218750 0.178571
8 0.698661 0.156250 0.209821 0.151786
8 0.732143 0.294643 0.205357 0.214286
8 0.910714 0.294643 0.178571 0.223214
8 0.924107 0.613839 0.151786 0.183036
8 0.848214 0.732143 0.214286 0.196429
8 0.765625 0.696429 0.191964 0.187500
8 0.750000 0.908482 0.250000 0.183036
8 0.301339 0.758929 0.281250 0.169643
8 0.200893 0.587054 0.214286 0.183036
8 0.406250 0.912946 0.232143 0.174107
8 0.212054 0.924107 0.218750 0.151786
8 0.093750 0.781250 0.178571 0.214286
8 0.957589 0.910714 0.084821 0.169643
