7 0.493304 0.482143 0.379464 0.473214
8 0.243304 0.321429 0.209821 0.214286
8 0.209821 0.522321 0.205357 0.205357
8 0.270089 0.723214 0.254464 0.241071
8 0.629464 0.720982 0.303571 0.236607
8 0.794643 0.426339 0.250000 0.263393
8 0.705357 0.216518 0.250000 0.218750
8 0.924107 0.154018 0.151786 0.218750
8 0.941964 0.555804 0.116071 0.281250
8 0.582589 0.926339 0.308036 0.147321
8 0.366071 0.147321 0.232143 0.258929
8 0.087054 0.062500 0.165179 0.116071
8 0.850446 0.953125 0.200893 0.093750
8 0.058036 0.375000 0.107143 0.223214
8 0.062500 0.950893 0.116071 0.098214
