7 0.026786 0.234375 0.044643 0.156250
7 0.627232 0.908482 0.191964 0.165179
7 0.513393 0.504464 0.562500 0.437500
8 0.216518 0.252232 0.227679 0.227679
8 0.098214 0.455357 0.187500 0.241071
8 0.178571 0.830357 0.258929 0.241071
8 0.082589 0.901786 0.156250 0.196429
8 0.515625 0.180804 0.272321 0.236607
8 0.828125 0.276786 0.263393 0.232143
8 0.857143 0.500000 0.205357 0.187500
8 0.946429 0.497768 0.107143 0.227679
8 0.718750 0.725446 0.232143 0.209821
8 0.774554 0.904018 0.281250 0.191964
8 0.859375 0.084821 0.254464 0.160714
8 0.178571 0.062500 0.258929 0.116071
8 0.404018 0.037946 0.227679 0.066964
8 0.319196 0.968750 0.254464 0.062500
