7 0.488839 0.495536 0.424107 0.383929
7 0.256696 0.033482 0.102679 0.058036
8 0.700893 0.261161 0.214286 0.209821
8 0.812500 0.609375 0.223214 0.200893
8 0.854911 0.823661 0.200893 0.200893
8 0.935268 0.832589 0.129464 0.209821
8 0.928571 0.287946 0.142857 0.209821
8 0.808036 0.082589 0.232143 0.156250
8 0.446429 0.082589 0.250000 0.156250
8 0.247768 0.095982 0.272321 0.183036
8 0.122768 0.419643 0.209821 0.250000
8 0.352679 0.276786 0.276786 0.214286
8 0.243304 0.589286 0.200893 0.267857
8 0.127232 0.743304 0.200893 0.218750
8 0.341518 0.857143 0.200893 0.196429
8 0.584821 0.783482 0.232143 0.200893
8 0.667411 0.921875 0.254464 0.156250
8 0.111607 0.926339 0.214286 0.147321
8 0.062500 0.069196 0.116071 0.129464
8 0.955357 0.075893 0.089286 0.142857
8 0.962054 0.573661 0.075893 0.218750
8 0.026786 0.310268 0.044643 0.156250
8 0.040179 0.781250 0.071429 0.196429
