7 0.522321 0.517857 0.339286 0.339286
7 0.495536 0.189732 0.098214 0.075893
8 0.716518 0.225446 0.209821 0.209821
8 0.790179 0.448661 0.223214 0.236607
8 0.845982 0.658482 0.209821 0.236607
8 0.930804 0.345982 0.138393 0.272321
8 0.930804 0.107143 0.138393 0.205357
8 0.589286 0.062500 0.223214 0.116071
8 0.330357 0.055804 0.285714 0.102679
8 0.104911 0.109375 0.200893 0.209821
8 0.247768 0.254464 0.209821 0.214286
8 0.214286 0.361607 0.241071 0.267857
8 0.075893 0.517857 0.142857 0.214286
8 0.198661 0.645089 0.245536 0.236607
8 0.116071 0.886161 0.223214 0.227679
8 0.339286 0.892857 0.258929 0.214286
8 0.957589 0.890625 0.084821 0.218750
8 0.968750 0.598214 0.062500 0.196429
