7 0.495536 0.500000 0.526786 0.419643
8 0.129464 0.334821 0.250000 0.258929
8 0.241071 0.562500 0.187500 0.205357
8 0.296875 0.803571 0.200893 0.214286
8 0.370536 0.720982 0.178571 0.209821
8 0.109375 0.803571 0.209821 0.258929
8 0.448661 0.944196 0.227679 0.111607
8 0.741071 0.912946 0.232143 0.174107
8 0.877232 0.720982 0.165179 0.272321
8 0.750000 0.660714 0.205357 0.223214
8 0.930804 0.468750 0.138393 0.232143
8 0.906250 0.227679 0.187500 0.241071
8 0.832589 0.082589 0.263393 0.156250
8 0.341518 0.187500 0.227679 0.250000
8 0.109375 0.100446 0.209821 0.191964
