7 0.500000 0.500000 0.544643 0.535714
8 0.225446 0.607143 0.200893 0.312500
8 0.069196 0.589286 0.129464 0.267857
8 0.082589 0.841518 0.156250 0.245536
8 0.379464 0.935268 0.276786 0.129464
8 0.674107 0.906250 0.258929 0.187500
8 0.700893 0.727679 0.312500 0.178571
8 0.854911 0.529018 0.254464 0.343750
8 0.906250 0.906250 0.187500 0.187500
8 0.941964 0.399554 0.116071 0.281250
8 0.937500 0.140625 0.125000 0.272321
8 0.616071 0.149554 0.285714 0.290179
8 0.750000 0.062500 0.276786 0.116071
8 0.051339 0.069196 0.093750 0.129464
8 0.441964 0.033482 0.196429 0.058036
