7 0.511161 0.506696 0.433036 0.424107
8 0.187500 0.754464 0.196429 0.276786
8 0.053571 0.834821 0.098214 0.276786
8 0.408482 0.705357 0.299107 0.258929
8 0.493304 0.912946 0.272321 0.174107
8 0.825893 0.560268 0.196429 0.218750
8 0.926339 0.401786 0.147321 0.205357
8 0.953125 0.897321 0.093750 0.205357
8 0.904018 0.180804 0.191964 0.218750
8 0.662946 0.078125 0.227679 0.147321
8 0.410714 0.049107 0.214286 0.089286
8 0.122768 0.084821 0.236607 0.160714
8 0.031250 0.591518 0.053571 0.183036
8 0.035714 0.176339 0.062500 0.183036
8 0.977679 0.642857 0.044643 0.196429
8 0.758929 0.970982 0.178571 0.058036
8 0.881696 0.029018 0.191964 0.049107
