7 0.495536 0.500000 0.366071 0.491071
8 0.761161 0.341518 0.200893 0.218750
8 0.897321 0.377232 0.205357 0.200893
8 0.881696 0.622768 0.236607 0.227679
8 0.691964 0.725446 0.205357 0.200893
8 0.604911 0.901786 0.218750 0.196429
8 0.915179 0.892857 0.169643 0.214286
8 0.939732 0.127232 0.120536 0.200893
8 0.781250 0.122768 0.250000 0.236607
8 0.464286 0.162946 0.285714 0.200893
8 0.225446 0.116071 0.209821 0.205357
8 0.055804 0.191964 0.102679 0.241071
8 0.194196 0.720982 0.200893 0.227679
8 0.071429 0.834821 0.133929 0.196429
8 0.069196 0.578125 0.129464 0.209821
