7 0.508929 0.500000 0.500000 0.464286
8 0.696429 0.227679 0.196429 0.178571
8 0.888393 0.321429 0.223214 0.205357
8 0.912946 0.555804 0.174107 0.227679
8 0.774554 0.747768 0.236607 0.227679
8 0.513393 0.854911 0.214286 0.209821
8 0.321429 0.750000 0.214286 0.187500
8 0.125000 0.656250 0.205357 0.232143
8 0.073661 0.343750 0.138393 0.232143
8 0.265625 0.296875 0.227679 0.245536
8 0.165179 0.129464 0.241071 0.151786
8 0.743304 0.055804 0.245536 0.102679
8 0.738839 0.944196 0.227679 0.111607
8 0.964286 0.879464 0.071429 0.223214
8 0.294643 0.962054 0.196429 0.075893
8 0.078125 0.962054 0.147321 0.075893
