7 0.535714 0.511161 0.455357 0.397321
7 0.459821 0.783482 0.142857 0.120536
8 0.877232 0.218750 0.245536 0.223214
8 0.709821 0.095982 0.241071 0.183036
8 0.348214 0.149554 0.241071 0.236607
8 0.209821 0.343750 0.196429 0.214286
8 0.071429 0.162946 0.133929 0.236607
8 0.301339 0.752232 0.191964 0.200893
8 0.388393 0.924107 0.223214 0.151786
8 0.669643 0.763393 0.223214 0.205357
8 0.629464 0.935268 0.258929 0.129464
8 0.812500 0.558036 0.223214 0.303571
8 0.058036 0.939732 0.107143 0.120536
8 0.035714 0.546875 0.062500 0.183036
8 0.031250 0.350446 0.053571 0.165179
8 0.966518 0.941964 0.066964 0.116071
8 0.962054 0.508929 0.075893 0.205357
