7 0.491071 0.515625 0.446429 0.441964
8 0.261161 0.227679 0.254464 0.214286
8 0.669643 0.167411 0.223214 0.183036
8 0.868304 0.216518 0.200893 0.218750
8 0.926339 0.520089 0.147321 0.191964
8 0.732143 0.781250 0.258929 0.214286
8 0.571429 0.796875 0.276786 0.174107
8 0.917411 0.883929 0.165179 0.232143
8 0.319196 0.743304 0.200893 0.218750
8 0.433036 0.924107 0.250000 0.151786
8 0.109375 0.937500 0.209821 0.125000
8 0.100446 0.482143 0.191964 0.205357
8 0.178571 0.433036 0.205357 0.205357
8 0.066964 0.229911 0.125000 0.209821
8 0.151786 0.069196 0.232143 0.129464
8 0.392857 0.082589 0.214286 0.156250
8 0.607143 0.053571 0.205357 0.098214
8 0.875000 0.042411 0.187500 0.075893
8 0.843750 0.966518 0.178571 0.066964
