7 0.495536 0.497768 0.383929 0.379464
8 0.720982 0.196429 0.218750 0.250000
8 0.921875 0.203125 0.156250 0.236607
8 0.926339 0.091518 0.147321 0.174107
8 0.866071 0.593750 0.223214 0.232143
8 0.770089 0.654018 0.209821 0.236607
8 0.875000 0.866071 0.250000 0.196429
8 0.890625 0.926339 0.218750 0.147321
8 0.654018 0.908482 0.174107 0.183036
8 0.631696 0.816964 0.183036 0.205357
8 0.448661 0.897321 0.218750 0.178571
8 0.225446 0.857143 0.236607 0.232143
8 0.238839 0.600446 0.209821 0.227679
8 0.089286 0.493304 0.169643 0.245536
8 0.100446 0.109375 0.191964 0.209821
8 0.488839 0.037946 0.183036 0.066964
