7 0.491071 0.495536 0.526786 0.383929
7 0.444196 0.926339 0.102679 0.111607
8 0.598214 0.174107 0.214286 0.232143
8 0.854911 0.299107 0.191964 0.196429
8 0.821429 0.178571 0.214286 0.223214
8 0.868304 0.517857 0.227679 0.214286
8 0.680804 0.694196 0.299107 0.236607
8 0.933036 0.805804 0.133929 0.254464
8 0.870536 0.946429 0.223214 0.107143
8 0.714286 0.937500 0.196429 0.125000
8 0.352679 0.926339 0.196429 0.147321
8 0.236607 0.816964 0.250000 0.196429
8 0.151786 0.578125 0.178571 0.245536
8 0.064732 0.571429 0.120536 0.223214
8 0.060268 0.323661 0.111607 0.281250
8 0.060268 0.089286 0.111607 0.169643
8 0.236607 0.098214 0.196429 0.187500
8 0.638393 0.055804 0.258929 0.102679
