7 0.232143 0.071429 0.142857 0.116071
7 0.488839 0.533482 0.370536 0.406250
8 0.080357 0.174107 0.151786 0.169643
8 0.066964 0.312500 0.125000 0.196429
8 0.258929 0.203125 0.205357 0.218750
8 0.261161 0.370536 0.236607 0.232143
8 0.506696 0.142857 0.272321 0.267857
8 0.754464 0.267857 0.205357 0.214286
8 0.946429 0.214286 0.107143 0.205357
8 0.758929 0.716518 0.196429 0.227679
8 0.841518 0.857143 0.191964 0.160714
8 0.607143 0.787946 0.205357 0.191964
8 0.207589 0.642857 0.218750 0.214286
8 0.241071 0.761161 0.160714 0.209821
8 0.299107 0.939732 0.241071 0.120536
8 0.698661 0.957589 0.218750 0.084821
8 0.955357 0.421875 0.089286 0.200893
8 0.975446 0.569196 0.049107 0.156250
8 0.964286 0.779018 0.071429 0.165179
8 0.933036 0.941964 0.133929 0.116071
