7 0.323661 0.294643 0.165179 0.125000
7 0.178571 0.566964 0.071429 0.107143
7 0.513393 0.517857 0.383929 0.410714
8 0.218750 0.149554 0.232143 0.245536
8 0.198661 0.395089 0.227679 0.191964
8 0.169643 0.732143 0.223214 0.196429
8 0.410714 0.794643 0.241071 0.250000
8 0.805804 0.696429 0.254464 0.205357
8 0.888393 0.828125 0.223214 0.263393
8 0.955357 0.912946 0.089286 0.174107
8 0.828125 0.459821 0.209821 0.267857
8 0.743304 0.140625 0.245536 0.218750
8 0.611607 0.098214 0.232143 0.187500
8 0.948661 0.138393 0.102679 0.232143
8 0.073661 0.921875 0.138393 0.156250
8 0.642857 0.968750 0.187500 0.062500
