7 0.513393 0.515625 0.437500 0.388393
8 0.685268 0.270089 0.245536 0.218750
8 0.857143 0.435268 0.285714 0.200893
8 0.729911 0.712054 0.272321 0.236607
8 0.562500 0.901786 0.196429 0.196429
8 0.410714 0.783482 0.303571 0.227679
8 0.285714 0.915179 0.232143 0.169643
8 0.214286 0.660714 0.250000 0.250000
8 0.055804 0.689732 0.102679 0.227679
8 0.212054 0.430804 0.245536 0.263393
8 0.328125 0.234375 0.236607 0.209821
8 0.560268 0.093750 0.218750 0.178571
8 0.774554 0.082589 0.263393 0.156250
8 0.185268 0.089286 0.200893 0.169643
