7 0.508929 0.513393 0.285714 0.419643
8 0.279018 0.607143 0.183036 0.178571
8 0.149554 0.743304 0.236607 0.218750
8 0.203125 0.926339 0.209821 0.147321
8 0.479911 0.848214 0.245536 0.196429
8 0.718750 0.917411 0.250000 0.165179
8 0.895089 0.783482 0.209821 0.191964
8 0.770089 0.629464 0.165179 0.169643
8 0.830357 0.569196 0.178571 0.183036
8 0.694196 0.691964 0.209821 0.196429
8 0.904018 0.343750 0.174107 0.214286
8 0.714286 0.254464 0.205357 0.196429
8 0.792411 0.100446 0.174107 0.147321
8 0.915179 0.109375 0.169643 0.191964
8 0.589286 0.066964 0.151786 0.125000
8 0.250000 0.169643 0.205357 0.196429
8 0.100446 0.377232 0.191964 0.174107
8 0.037946 0.214286 0.066964 0.160714
8 0.024554 0.837054 0.040179 0.147321
