7 0.477679 0.495536 0.437500 0.366071
7 0.524554 0.834821 0.361607 0.294643
8 0.526786 0.185268 0.258929 0.236607
8 0.676339 0.125000 0.227679 0.241071
8 0.808036 0.176339 0.205357 0.254464
8 0.917411 0.270089 0.165179 0.191964
8 0.908482 0.071429 0.183036 0.133929
8 0.879464 0.479911 0.232143 0.236607
8 0.948661 0.542411 0.102679 0.227679
8 0.908482 0.819196 0.183036 0.209821
8 0.745536 0.930804 0.169643 0.138393
8 0.185268 0.850446 0.227679 0.200893
8 0.207589 0.953125 0.227679 0.093750
8 0.176339 0.578125 0.209821 0.236607
8 0.216518 0.350446 0.236607 0.218750
8 0.225446 0.084821 0.299107 0.160714
