7 0.504464 0.500000 0.392857 0.339286
7 0.386161 0.716518 0.111607 0.075893
8 0.508929 0.125000 0.223214 0.223214
8 0.772321 0.207589 0.214286 0.200893
8 0.734375 0.334821 0.183036 0.169643
8 0.843750 0.479911 0.214286 0.209821
8 0.939732 0.287946 0.120536 0.227679
8 0.937500 0.776786 0.125000 0.223214
8 0.837054 0.897321 0.200893 0.205357
8 0.649554 0.712054 0.308036 0.272321
8 0.397321 0.834821 0.241071 0.187500
8 0.600446 0.924107 0.227679 0.151786
8 0.209821 0.767857 0.205357 0.187500
8 0.095982 0.915179 0.183036 0.169643
8 0.229911 0.412946 0.183036 0.227679
8 0.299107 0.243304 0.232143 0.218750
8 0.129464 0.113839 0.214286 0.218750
8 0.075893 0.323661 0.142857 0.236607
8 0.712054 0.049107 0.245536 0.089286
8 0.042411 0.767857 0.075893 0.196429
