7 0.493304 0.513393 0.540179 0.383929
8 0.176339 0.479911 0.209821 0.218750
8 0.087054 0.515625 0.147321 0.200893
8 0.113839 0.243304 0.156250 0.263393
8 0.080357 0.292411 0.151786 0.174107
8 0.049107 0.087054 0.089286 0.165179
8 0.194196 0.062500 0.200893 0.116071
8 0.732143 0.247768 0.214286 0.227679
8 0.912946 0.104911 0.174107 0.200893
8 0.814732 0.479911 0.209821 0.236607
8 0.689732 0.680804 0.183036 0.191964
8 0.486607 0.787946 0.250000 0.191964
8 0.258929 0.691964 0.205357 0.196429
8 0.080357 0.747768 0.151786 0.236607
