7 0.513393 0.276786 0.330357 0.366071
7 0.495536 0.680804 0.401786 0.406250
8 0.194196 0.479911 0.236607 0.209821
8 0.122768 0.696429 0.236607 0.196429
8 0.095982 0.953125 0.183036 0.093750
8 0.616071 0.919643 0.285714 0.160714
8 0.859375 0.526786 0.174107 0.303571
8 0.941964 0.689732 0.116071 0.299107
8 0.890625 0.919643 0.183036 0.160714
8 0.919643 0.285714 0.160714 0.276786
8 0.169643 0.084821 0.223214 0.160714
8 0.037946 0.375000 0.066964 0.205357
8 0.033482 0.171875 0.058036 0.174107
8 0.700893 0.031250 0.187500 0.053571
