7 0.486607 0.553571 0.464286 0.392857
8 0.616071 0.252232 0.232143 0.209821
8 0.779018 0.417411 0.191964 0.200893
8 0.933036 0.314732 0.133929 0.218750
8 0.776786 0.618304 0.205357 0.191964
8 0.935268 0.676339 0.129464 0.227679
8 0.792411 0.935268 0.209821 0.129464
8 0.950893 0.937500 0.098214 0.125000
8 0.859375 0.120536 0.183036 0.187500
8 0.421875 0.084821 0.200893 0.160714
8 0.377232 0.180804 0.209821 0.191964
8 0.171875 0.359375 0.191964 0.227679
8 0.075893 0.502232 0.142857 0.209821
8 0.341518 0.868304 0.236607 0.209821
8 0.044643 0.104911 0.080357 0.183036
8 0.060268 0.928571 0.111607 0.142857
