7 0.495536 0.479911 0.410714 0.468750
8 0.466518 0.095982 0.299107 0.183036
8 0.578125 0.252232 0.227679 0.183036
8 0.901786 0.183036 0.196429 0.214286
8 0.758929 0.069196 0.267857 0.129464
8 0.852679 0.444196 0.223214 0.245536
8 0.743304 0.549107 0.156250 0.267857
8 0.738839 0.781250 0.236607 0.196429
8 0.919643 0.691964 0.160714 0.250000
8 0.901786 0.912946 0.196429 0.174107
8 0.533482 0.850446 0.290179 0.299107
8 0.310268 0.774554 0.165179 0.183036
8 0.207589 0.801339 0.183036 0.236607
8 0.055804 0.875000 0.102679 0.250000
8 0.091518 0.350446 0.174107 0.209821
8 0.270089 0.276786 0.200893 0.205357
8 0.122768 0.149554 0.209821 0.218750
8 0.040179 0.506696 0.071429 0.156250
