7 0.475446 0.504464 0.388393 0.383929
8 0.116071 0.508929 0.223214 0.223214
8 0.138393 0.285714 0.214286 0.232143
8 0.366071 0.060268 0.205357 0.111607
8 0.553571 0.171875 0.250000 0.209821
8 0.830357 0.080357 0.241071 0.151786
8 0.886161 0.252232 0.227679 0.200893
8 0.758929 0.410714 0.178571 0.241071
8 0.917411 0.506696 0.165179 0.254464
8 0.763393 0.651786 0.223214 0.223214
8 0.892857 0.843750 0.214286 0.241071
8 0.698661 0.912946 0.227679 0.174107
8 0.457589 0.899554 0.227679 0.200893
8 0.207589 0.870536 0.245536 0.232143
8 0.064732 0.707589 0.120536 0.209821
8 0.145089 0.042411 0.191964 0.075893
8 0.051339 0.127232 0.093750 0.174107
