7 0.491071 0.502232 0.375000 0.477679
8 0.845982 0.265625 0.218750 0.209821
8 0.631696 0.196429 0.218750 0.258929
8 0.812500 0.607143 0.214286 0.214286
8 0.937500 0.500000 0.125000 0.223214
8 0.875000 0.837054 0.250000 0.218750
8 0.658482 0.944196 0.200893 0.111607
8 0.522321 0.845982 0.196429 0.200893
8 0.167411 0.734375 0.254464 0.236607
8 0.216518 0.455357 0.218750 0.303571
8 0.080357 0.515625 0.151786 0.245536
8 0.901786 0.051339 0.196429 0.093750
8 0.209821 0.941964 0.223214 0.116071
8 0.075893 0.040179 0.142857 0.071429
8 0.044643 0.272321 0.080357 0.232143
