7 0.495536 0.560268 0.375000 0.513393
8 0.116071 0.250000 0.223214 0.241071
8 0.252232 0.446429 0.218750 0.232143
8 0.332589 0.232143 0.209821 0.196429
8 0.488839 0.095982 0.183036 0.165179
8 0.602679 0.142857 0.169643 0.187500
8 0.816964 0.200893 0.232143 0.232143
8 0.814732 0.446429 0.218750 0.205357
8 0.926339 0.667411 0.147321 0.209821
8 0.848214 0.868304 0.214286 0.227679
8 0.642857 0.808036 0.232143 0.232143
8 0.482143 0.944196 0.196429 0.111607
8 0.189732 0.812500 0.227679 0.214286
8 0.125000 0.602679 0.205357 0.205357
8 0.881696 0.044643 0.236607 0.080357
8 0.245536 0.060268 0.250000 0.111607
8 0.966518 0.428571 0.066964 0.196429
8 0.968750 0.200893 0.062500 0.133929
