7 0.497768 0.531250 0.504464 0.401786
8 0.562500 0.154018 0.232143 0.218750
8 0.857143 0.178571 0.223214 0.196429
8 0.930804 0.100446 0.138393 0.183036
8 0.935268 0.600446 0.129464 0.209821
8 0.779018 0.598214 0.183036 0.250000
8 0.825893 0.803571 0.250000 0.214286
8 0.618304 0.886161 0.236607 0.227679
8 0.816964 0.964286 0.187500 0.071429
8 0.180804 0.875000 0.281250 0.223214
8 0.060268 0.687500 0.111607 0.223214
8 0.238839 0.667411 0.245536 0.218750
8 0.131696 0.444196 0.254464 0.191964
8 0.279018 0.299107 0.236607 0.214286
8 0.100446 0.145089 0.191964 0.245536
8 0.332589 0.102679 0.209821 0.196429
