7 0.500000 0.506696 0.437500 0.379464
8 0.283482 0.345982 0.236607 0.183036
8 0.294643 0.138393 0.232143 0.196429
8 0.683036 0.241071 0.205357 0.205357
8 0.870536 0.348214 0.232143 0.232143
8 0.848214 0.691964 0.196429 0.205357
8 0.910714 0.892857 0.178571 0.214286
8 0.642857 0.725446 0.250000 0.218750
8 0.676339 0.933036 0.245536 0.133929
8 0.421875 0.901786 0.236607 0.196429
8 0.142857 0.879464 0.250000 0.214286
8 0.223214 0.631696 0.232143 0.218750
8 0.924107 0.078125 0.151786 0.147321
8 0.049107 0.236607 0.089286 0.205357
