7 0.504464 0.511161 0.491071 0.424107
8 0.587054 0.107143 0.218750 0.205357
8 0.209821 0.082589 0.250000 0.156250
8 0.187500 0.441964 0.205357 0.232143
8 0.261161 0.758929 0.218750 0.232143
8 0.073661 0.852679 0.138393 0.223214
8 0.529018 0.816964 0.263393 0.187500
8 0.756696 0.899554 0.218750 0.191964
8 0.859375 0.696429 0.236607 0.232143
8 0.812500 0.479911 0.232143 0.236607
8 0.946429 0.926339 0.107143 0.147321
8 0.051339 0.591518 0.093750 0.254464
8 0.957589 0.098214 0.084821 0.187500
8 0.964286 0.529018 0.071429 0.183036
