7 0.504464 0.578125 0.455357 0.433036
8 0.370536 0.162946 0.267857 0.227679
8 0.732143 0.350446 0.223214 0.209821
8 0.924107 0.283482 0.151786 0.218750
8 0.801339 0.685268 0.227679 0.254464
8 0.734375 0.906250 0.236607 0.187500
8 0.544643 0.861607 0.258929 0.196429
8 0.203125 0.872768 0.245536 0.218750
8 0.113839 0.667411 0.218750 0.218750
8 0.174107 0.459821 0.232143 0.223214
8 0.073661 0.408482 0.138393 0.254464
8 0.127232 0.194196 0.245536 0.209821
8 0.102679 0.044643 0.196429 0.080357
8 0.939732 0.080357 0.120536 0.151786
