7 0.495536 0.497768 0.428571 0.459821
8 0.285714 0.178571 0.241071 0.196429
8 0.082589 0.167411 0.156250 0.165179
8 0.160714 0.375000 0.214286 0.223214
8 0.142857 0.515625 0.232143 0.209821
8 0.189732 0.707589 0.236607 0.200893
8 0.176339 0.823661 0.218750 0.218750
8 0.064732 0.915179 0.120536 0.169643
8 0.368304 0.915179 0.236607 0.169643
8 0.390625 0.796875 0.263393 0.191964
8 0.649554 0.950893 0.183036 0.098214
8 0.917411 0.790179 0.165179 0.214286
8 0.819196 0.522321 0.227679 0.223214
8 0.830357 0.312500 0.214286 0.223214
8 0.946429 0.383929 0.107143 0.214286
8 0.694196 0.212054 0.200893 0.218750
8 0.526786 0.125000 0.267857 0.232143
8 0.895089 0.087054 0.209821 0.165179
8 0.830357 0.973214 0.196429 0.053571
8 0.964286 0.948661 0.071429 0.102679
