7 0.508929 0.513393 0.392857 0.419643
8 0.787946 0.680804 0.236607 0.218750
8 0.816964 0.564732 0.223214 0.209821
8 0.924107 0.366071 0.151786 0.223214
8 0.763393 0.095982 0.241071 0.183036
8 0.921875 0.049107 0.156250 0.089286
8 0.325893 0.147321 0.241071 0.214286
8 0.241071 0.359375 0.250000 0.227679
8 0.107143 0.185268 0.205357 0.200893
8 0.138393 0.700893 0.214286 0.205357
8 0.361607 0.743304 0.205357 0.200893
8 0.495536 0.899554 0.267857 0.191964
8 0.910714 0.828125 0.178571 0.245536
8 0.165179 0.910714 0.214286 0.160714
8 0.325893 0.935268 0.142857 0.129464
8 0.082589 0.970982 0.156250 0.058036
8 0.031250 0.845982 0.053571 0.191964
8 0.665179 0.970982 0.142857 0.058036
