7 0.493304 0.488839 0.415179 0.504464
7 0.785714 0.640625 0.089286 0.102679
8 0.622768 0.120536 0.227679 0.205357
8 0.801339 0.390625 0.218750 0.218750
8 0.912946 0.611607 0.174107 0.223214
8 0.799107 0.810268 0.250000 0.245536
8 0.558036 0.814732 0.214286 0.209821
8 0.595982 0.915179 0.236607 0.169643
8 0.850446 0.098214 0.218750 0.187500
8 0.439732 0.058036 0.254464 0.107143
8 0.314732 0.200893 0.236607 0.196429
8 0.095982 0.116071 0.183036 0.223214
8 0.131696 0.386161 0.245536 0.227679
8 0.214286 0.618304 0.187500 0.218750
8 0.316964 0.758929 0.250000 0.223214
8 0.051339 0.602679 0.093750 0.241071
8 0.095982 0.832589 0.183036 0.218750
8 0.323661 0.946429 0.200893 0.107143
8 0.933036 0.263393 0.133929 0.232143
8 0.964286 0.944196 0.071429 0.111607
