7 0.517857 0.546875 0.473214 0.397321
8 0.602679 0.232143 0.232143 0.214286
8 0.868304 0.299107 0.227679 0.196429
8 0.783482 0.113839 0.227679 0.218750
8 0.950893 0.113839 0.098214 0.209821
8 0.504464 0.053571 0.205357 0.098214
8 0.281250 0.073661 0.258929 0.138393
8 0.265625 0.241071 0.236607 0.187500
8 0.250000 0.379464 0.223214 0.196429
8 0.116071 0.562500 0.223214 0.214286
8 0.064732 0.441964 0.120536 0.214286
8 0.078125 0.212054 0.147321 0.236607
8 0.051339 0.750000 0.093750 0.214286
8 0.078125 0.930804 0.147321 0.138393
8 0.258929 0.919643 0.232143 0.160714
8 0.435268 0.837054 0.245536 0.218750
8 0.607143 0.843750 0.205357 0.232143
8 0.812500 0.799107 0.196429 0.187500
8 0.799107 0.944196 0.214286 0.111607
8 0.948661 0.694196 0.102679 0.183036
8 0.816964 0.522321 0.223214 0.232143
8 0.968750 0.933036 0.062500 0.133929
