7 0.506696 0.497768 0.522321 0.468750
8 0.591518 0.087054 0.272321 0.165179
8 0.823661 0.310268 0.165179 0.245536
8 0.928571 0.486607 0.142857 0.241071
8 0.781250 0.870536 0.250000 0.223214
8 0.457589 0.908482 0.308036 0.183036
8 0.205357 0.723214 0.232143 0.196429
8 0.069196 0.482143 0.129464 0.223214
8 0.209821 0.359375 0.232143 0.218750
8 0.091518 0.312500 0.174107 0.169643
8 0.245536 0.024554 0.232143 0.040179
8 0.944196 0.941964 0.111607 0.116071
8 0.955357 0.573661 0.080357 0.191964
8 0.044643 0.133929 0.080357 0.187500
