7 0.495536 0.497768 0.500000 0.424107
7 0.569196 0.107143 0.075893 0.071429
8 0.299107 0.265625 0.205357 0.200893
8 0.178571 0.433036 0.205357 0.196429
8 0.104911 0.261161 0.200893 0.227679
8 0.151786 0.781250 0.187500 0.160714
8 0.154018 0.877232 0.209821 0.174107
8 0.361607 0.821429 0.214286 0.214286
8 0.600446 0.814732 0.236607 0.236607
8 0.772321 0.671875 0.223214 0.227679
8 0.828125 0.897321 0.227679 0.205357
8 0.946429 0.763393 0.107143 0.187500
8 0.939732 0.645089 0.120536 0.183036
8 0.828125 0.408482 0.218750 0.183036
8 0.758929 0.089286 0.196429 0.169643
8 0.908482 0.243304 0.183036 0.236607
8 0.337054 0.073661 0.209821 0.138393
8 0.917411 0.029018 0.165179 0.049107
