7 0.502232 0.484375 0.433036 0.424107
8 0.180804 0.270089 0.218750 0.245536
8 0.178571 0.522321 0.232143 0.250000
8 0.292411 0.747768 0.263393 0.236607
8 0.345982 0.919643 0.281250 0.160714
8 0.694196 0.857143 0.299107 0.258929
8 0.703125 0.698661 0.236607 0.200893
8 0.910714 0.629464 0.178571 0.267857
8 0.912946 0.879464 0.174107 0.241071
8 0.825893 0.377232 0.241071 0.245536
8 0.667411 0.187500 0.218750 0.250000
8 0.850446 0.069196 0.191964 0.129464
8 0.946429 0.145089 0.107143 0.138393
8 0.113839 0.062500 0.218750 0.116071
8 0.069196 0.667411 0.129464 0.218750
8 0.058036 0.915179 0.107143 0.169643
8 0.044643 0.238839 0.080357 0.218750
