7 0.515625 0.517857 0.450893 0.473214
8 0.415179 0.198661 0.214286 0.209821
8 0.595982 0.136161 0.236607 0.227679
8 0.895089 0.305804 0.209821 0.209821
8 0.906250 0.584821 0.187500 0.214286
8 0.872768 0.676339 0.245536 0.218750
8 0.700893 0.834821 0.223214 0.223214
8 0.868304 0.928571 0.218750 0.142857
8 0.495536 0.801339 0.276786 0.174107
8 0.506696 0.944196 0.245536 0.111607
8 0.185268 0.946429 0.227679 0.107143
8 0.247768 0.662946 0.200893 0.254464
8 0.116071 0.531250 0.196429 0.214286
8 0.066964 0.754464 0.125000 0.196429
8 0.169643 0.283482 0.214286 0.227679
8 0.238839 0.095982 0.191964 0.183036
8 0.412946 0.051339 0.191964 0.093750
