7 0.475446 0.522321 0.495536 0.437500
8 0.102679 0.180804 0.196429 0.200893
8 0.377232 0.064732 0.263393 0.120536
8 0.723214 0.129464 0.214286 0.196429
8 0.709821 0.243304 0.250000 0.191964
8 0.886161 0.377232 0.227679 0.218750
8 0.870536 0.584821 0.232143 0.241071
8 0.953125 0.765625 0.093750 0.183036
8 0.787946 0.790179 0.245536 0.214286
8 0.629464 0.921875 0.232143 0.156250
8 0.279018 0.758929 0.174107 0.142857
8 0.256696 0.890625 0.236607 0.191964
8 0.098214 0.906250 0.187500 0.187500
8 0.100446 0.602679 0.191964 0.232143
8 0.093750 0.390625 0.178571 0.236607
8 0.120536 0.033482 0.169643 0.058036
