7 0.470982 0.573661 0.477679 0.441964
8 0.712054 0.292411 0.245536 0.218750
8 0.937500 0.531250 0.125000 0.241071
8 0.658482 0.886161 0.236607 0.200893
8 0.870536 0.919643 0.250000 0.160714
8 0.401786 0.823661 0.250000 0.191964
8 0.488839 0.937500 0.218750 0.125000
8 0.205357 0.750000 0.178571 0.178571
8 0.214286 0.939732 0.258929 0.120536
8 0.102679 0.526786 0.196429 0.258929
8 0.236607 0.412946 0.250000 0.236607
8 0.142857 0.156250 0.205357 0.214286
8 0.294643 0.227679 0.285714 0.169643
8 0.354911 0.091518 0.263393 0.174107
8 0.598214 0.091518 0.232143 0.174107
8 0.046875 0.812500 0.084821 0.232143
8 0.955357 0.174107 0.089286 0.178571
8 0.799107 0.035714 0.196429 0.062500
8 0.073661 0.029018 0.138393 0.049107
