7 0.495536 0.517857 0.419643 0.428571
8 0.180804 0.238839 0.227679 0.245536
8 0.573661 0.178571 0.209821 0.223214
8 0.904018 0.361607 0.191964 0.250000
8 0.787946 0.604911 0.218750 0.245536
8 0.792411 0.888393 0.245536 0.214286
8 0.939732 0.774554 0.120536 0.183036
8 0.582589 0.941964 0.227679 0.116071
8 0.383929 0.892857 0.250000 0.214286
8 0.314732 0.698661 0.245536 0.209821
8 0.200893 0.506696 0.232143 0.209821
8 0.111607 0.676339 0.214286 0.236607
8 0.100446 0.895089 0.191964 0.209821
8 0.058036 0.372768 0.107143 0.209821
8 0.051339 0.053571 0.093750 0.098214
8 0.591518 0.031250 0.272321 0.053571
