7 0.477679 0.504464 0.419643 0.428571
8 0.225446 0.330357 0.191964 0.205357
8 0.774554 0.415179 0.183036 0.196429
8 0.897321 0.312500 0.205357 0.196429
8 0.830357 0.229911 0.223214 0.183036
8 0.620536 0.236607 0.223214 0.205357
8 0.801339 0.618304 0.200893 0.227679
8 0.872768 0.832589 0.209821 0.218750
8 0.935268 0.890625 0.129464 0.218750
8 0.589286 0.821429 0.285714 0.223214
8 0.609375 0.924107 0.281250 0.151786
8 0.308036 0.863839 0.223214 0.200893
8 0.178571 0.779018 0.214286 0.183036
8 0.093750 0.582589 0.178571 0.200893
8 0.212054 0.589286 0.174107 0.205357
8 0.069196 0.243304 0.129464 0.245536
8 0.107143 0.136161 0.205357 0.183036
8 0.120536 0.957589 0.214286 0.084821
8 0.959821 0.662946 0.080357 0.209821
8 0.973214 0.156250 0.053571 0.151786
