7 0.486607 0.515625 0.419643 0.441964
7 0.796875 0.633929 0.120536 0.089286
7 0.774554 0.044643 0.200893 0.080357
8 0.754464 0.205357 0.232143 0.232143
8 0.613839 0.194196 0.236607 0.200893
8 0.341518 0.220982 0.227679 0.209821
8 0.120536 0.095982 0.232143 0.183036
8 0.189732 0.354911 0.200893 0.254464
8 0.238839 0.638393 0.254464 0.276786
8 0.062500 0.622768 0.116071 0.316964
8 0.470982 0.877232 0.245536 0.227679
8 0.658482 0.770089 0.245536 0.245536
8 0.868304 0.839286 0.254464 0.241071
8 0.919643 0.598214 0.160714 0.276786
8 0.935268 0.162946 0.129464 0.245536
