7 0.428571 0.502232 0.544643 0.316964
8 0.904018 0.741071 0.191964 0.250000
8 0.834821 0.513393 0.187500 0.214286
8 0.767857 0.600446 0.205357 0.227679
8 0.830357 0.917411 0.232143 0.165179
8 0.691964 0.881696 0.187500 0.218750
8 0.589286 0.946429 0.223214 0.107143
8 0.352679 0.959821 0.196429 0.080357
8 0.138393 0.941964 0.258929 0.116071
8 0.066964 0.781250 0.125000 0.205357
8 0.151786 0.602679 0.258929 0.267857
8 0.082589 0.375000 0.156250 0.187500
8 0.308036 0.270089 0.285714 0.218750
8 0.254464 0.377232 0.214286 0.138393
8 0.551339 0.279018 0.174107 0.183036
8 0.631696 0.236607 0.227679 0.241071
8 0.738839 0.194196 0.165179 0.183036
8 0.948661 0.339286 0.102679 0.205357
8 0.881696 0.098214 0.236607 0.187500
8 0.551339 0.082589 0.227679 0.156250
8 0.116071 0.149554 0.223214 0.227679
8 0.357143 0.031250 0.187500 0.053571
8 0.973214 0.531250 0.053571 0.151786
8 0.102679 0.024554 0.196429 0.040179
