7 0.502232 0.495536 0.477679 0.517857
7 0.444196 0.857143 0.084821 0.107143
7 0.082589 0.069196 0.058036 0.102679
8 0.408482 0.147321 0.218750 0.241071
8 0.629464 0.183036 0.196429 0.196429
8 0.738839 0.243304 0.218750 0.209821
8 0.917411 0.187500 0.165179 0.223214
8 0.915179 0.441964 0.169643 0.223214
8 0.901786 0.727679 0.196429 0.196429
8 0.687500 0.814732 0.258929 0.183036
8 0.524554 0.937500 0.209821 0.125000
8 0.772321 0.950893 0.205357 0.098214
8 0.906250 0.939732 0.187500 0.120536
8 0.276786 0.935268 0.258929 0.129464
8 0.156250 0.814732 0.241071 0.174107
8 0.250000 0.676339 0.214286 0.200893
8 0.069196 0.645089 0.129464 0.191964
8 0.095982 0.464286 0.183036 0.214286
8 0.254464 0.354911 0.196429 0.191964
8 0.154018 0.171875 0.299107 0.209821
8 0.553571 0.042411 0.214286 0.075893
8 0.774554 0.064732 0.218750 0.120536
8 0.060268 0.968750 0.111607 0.062500
