7 0.491071 0.533482 0.375000 0.388393
8 0.410714 0.245536 0.223214 0.214286
8 0.678571 0.250000 0.223214 0.241071
8 0.834821 0.446429 0.223214 0.214286
8 0.917411 0.203125 0.165179 0.254464
8 0.776786 0.654018 0.223214 0.227679
8 0.953125 0.627232 0.093750 0.183036
8 0.899554 0.837054 0.200893 0.218750
8 0.662946 0.883929 0.236607 0.223214
8 0.537946 0.828125 0.218750 0.209821
8 0.283482 0.765625 0.227679 0.200893
8 0.071429 0.814732 0.133929 0.191964
8 0.060268 0.531250 0.111607 0.267857
8 0.216518 0.511161 0.191964 0.263393
8 0.174107 0.276786 0.241071 0.214286
8 0.212054 0.084821 0.272321 0.160714
8 0.462054 0.082589 0.245536 0.156250
8 0.024554 0.308036 0.040179 0.205357
8 0.026786 0.046875 0.044643 0.084821
