7 0.502232 0.500000 0.450893 0.392857
7 0.102679 0.486607 0.080357 0.089286
8 0.200893 0.319196 0.205357 0.209821
8 0.176339 0.200893 0.209821 0.187500
8 0.051339 0.261161 0.093750 0.227679
8 0.196429 0.580357 0.169643 0.214286
8 0.060268 0.584821 0.111607 0.232143
8 0.350446 0.783482 0.227679 0.218750
8 0.165179 0.924107 0.241071 0.151786
8 0.508929 0.935268 0.241071 0.129464
8 0.738839 0.933036 0.227679 0.133929
8 0.642857 0.787946 0.223214 0.209821
8 0.801339 0.631696 0.218750 0.254464
8 0.915179 0.801339 0.169643 0.209821
8 0.953125 0.678571 0.093750 0.196429
8 0.924107 0.468750 0.151786 0.223214
8 0.886161 0.272321 0.218750 0.196429
8 0.772321 0.258929 0.232143 0.196429
8 0.493304 0.178571 0.263393 0.223214
8 0.685268 0.091518 0.236607 0.174107
8 0.868304 0.060268 0.165179 0.111607
8 0.040179 0.069196 0.071429 0.129464
