7 0.497768 0.502232 0.415179 0.441964
8 0.542411 0.138393 0.236607 0.250000
8 0.696429 0.218750 0.205357 0.285714
8 0.850446 0.404018 0.272321 0.218750
8 0.904018 0.218750 0.191964 0.241071
8 0.763393 0.549107 0.223214 0.285714
8 0.897321 0.631696 0.205357 0.254464
8 0.694196 0.783482 0.227679 0.209821
8 0.457589 0.774554 0.263393 0.218750
8 0.678571 0.946429 0.250000 0.107143
8 0.493304 0.933036 0.218750 0.133929
8 0.301339 0.892857 0.209821 0.214286
8 0.241071 0.703125 0.250000 0.245536
8 0.198661 0.497768 0.263393 0.200893
8 0.205357 0.319196 0.267857 0.218750
8 0.321429 0.169643 0.241071 0.258929
8 0.125000 0.125000 0.232143 0.241071
