7 0.484375 0.511161 0.424107 0.459821
8 0.689732 0.194196 0.245536 0.183036
8 0.781250 0.357143 0.250000 0.187500
8 0.897321 0.879464 0.205357 0.205357
8 0.631696 0.790179 0.245536 0.169643
8 0.595982 0.939732 0.236607 0.120536
8 0.281250 0.950893 0.187500 0.098214
8 0.120536 0.776786 0.232143 0.205357
8 0.247768 0.602679 0.227679 0.196429
8 0.111607 0.484375 0.205357 0.272321
8 0.323661 0.236607 0.263393 0.205357
8 0.477679 0.104911 0.312500 0.200893
8 0.080357 0.149554 0.151786 0.218750
8 0.935268 0.071429 0.129464 0.133929
8 0.718750 0.037946 0.178571 0.066964
8 0.053571 0.924107 0.098214 0.151786
