7 0.475446 0.203125 0.191964 0.120536
7 0.500000 0.508929 0.392857 0.375000
8 0.881696 0.125000 0.209821 0.232143
8 0.941964 0.348214 0.116071 0.214286
8 0.935268 0.593750 0.129464 0.223214
8 0.779018 0.636161 0.200893 0.218750
8 0.756696 0.872768 0.218750 0.200893
8 0.455357 0.917411 0.250000 0.165179
8 0.187500 0.852679 0.232143 0.205357
8 0.185268 0.636161 0.236607 0.191964
8 0.183036 0.424107 0.258929 0.214286
8 0.392857 0.087054 0.241071 0.165179
8 0.120536 0.093750 0.232143 0.178571
8 0.053571 0.267857 0.098214 0.196429
8 0.026786 0.716518 0.044643 0.174107
8 0.033482 0.915179 0.058036 0.169643
