7 0.095982 0.187500 0.075893 0.044643
7 0.149554 0.256696 0.066964 0.066964
7 0.812500 0.977679 0.178571 0.044643
7 0.508929 0.506696 0.428571 0.549107
8 0.410714 0.180804 0.223214 0.200893
8 0.841518 0.075893 0.245536 0.142857
8 0.875000 0.488839 0.232143 0.227679
8 0.703125 0.857143 0.209821 0.214286
8 0.912946 0.857143 0.174107 0.250000
8 0.441964 0.841518 0.303571 0.236607
8 0.203125 0.573661 0.209821 0.290179
8 0.075893 0.593750 0.142857 0.241071
8 0.066964 0.352679 0.125000 0.232143
8 0.051339 0.116071 0.093750 0.223214
8 0.191964 0.957589 0.205357 0.084821
