7 0.502232 0.500000 0.397321 0.410714
7 0.330357 0.821429 0.053571 0.071429
8 0.328125 0.225446 0.227679 0.218750
8 0.756696 0.167411 0.236607 0.200893
8 0.848214 0.348214 0.250000 0.223214
8 0.950893 0.187500 0.098214 0.232143
8 0.941964 0.633929 0.116071 0.241071
8 0.774554 0.741071 0.227679 0.223214
8 0.602679 0.888393 0.258929 0.223214
8 0.080357 0.227679 0.151786 0.223214
8 0.167411 0.408482 0.254464 0.191964
8 0.142857 0.779018 0.267857 0.254464
8 0.792411 0.026786 0.236607 0.044643
8 0.859375 0.968750 0.183036 0.062500
