7 0.482143 0.511161 0.401786 0.361607
7 0.187500 0.066964 0.080357 0.116071
8 0.352679 0.180804 0.321429 0.254464
8 0.162946 0.491071 0.209821 0.205357
8 0.410714 0.783482 0.223214 0.191964
8 0.482143 0.904018 0.223214 0.147321
8 0.770089 0.828125 0.218750 0.156250
8 0.863839 0.912946 0.209821 0.174107
8 0.843750 0.477679 0.196429 0.214286
8 0.921875 0.566964 0.156250 0.214286
8 0.852679 0.066964 0.267857 0.125000
8 0.060268 0.890625 0.111607 0.218750
8 0.069196 0.660714 0.129464 0.214286
8 0.073661 0.095982 0.138393 0.183036
8 0.223214 0.962054 0.187500 0.075893
8 0.975446 0.127232 0.049107 0.191964
