7 0.486607 0.506696 0.375000 0.370536
7 0.546875 0.154018 0.075893 0.111607
7 0.908482 0.404018 0.120536 0.120536
8 0.127232 0.258929 0.245536 0.223214
8 0.151786 0.073661 0.241071 0.138393
8 0.424107 0.055804 0.232143 0.102679
8 0.674107 0.118304 0.205357 0.200893
8 0.883929 0.118304 0.232143 0.227679
8 0.774554 0.354911 0.263393 0.290179
8 0.825893 0.595982 0.232143 0.254464
8 0.656250 0.785714 0.223214 0.214286
8 0.888393 0.872768 0.223214 0.254464
8 0.415179 0.803571 0.241071 0.258929
8 0.187500 0.736607 0.223214 0.241071
8 0.198661 0.852679 0.218750 0.187500
8 0.203125 0.475446 0.218750 0.254464
8 0.323661 0.959821 0.200893 0.080357
8 0.037946 0.854911 0.066964 0.254464
8 0.979911 0.209821 0.040179 0.133929
