7 0.497768 0.500000 0.441964 0.419643
8 0.287946 0.198661 0.254464 0.272321
8 0.875000 0.294643 0.250000 0.285714
8 0.794643 0.089286 0.250000 0.169643
8 0.149554 0.408482 0.290179 0.236607
8 0.455357 0.808036 0.321429 0.205357
8 0.854911 0.533482 0.183036 0.209821
8 0.933036 0.718750 0.133929 0.232143
8 0.901786 0.924107 0.196429 0.151786
8 0.584821 0.948661 0.294643 0.102679
8 0.125000 0.915179 0.241071 0.169643
8 0.062500 0.102679 0.116071 0.196429
8 0.191964 0.062500 0.125000 0.116071
8 0.357143 0.044643 0.223214 0.080357
8 0.589286 0.031250 0.169643 0.053571
8 0.959821 0.040179 0.080357 0.071429
