7 0.502232 0.500000 0.415179 0.401786
8 0.417411 0.145089 0.254464 0.254464
8 0.738839 0.296875 0.227679 0.200893
8 0.901786 0.138393 0.196429 0.223214
8 0.959821 0.245536 0.080357 0.196429
8 0.863839 0.622768 0.227679 0.245536
8 0.723214 0.732143 0.169643 0.178571
8 0.783482 0.899554 0.254464 0.200893
8 0.553571 0.823661 0.205357 0.191964
8 0.345982 0.765625 0.218750 0.209821
8 0.263393 0.926339 0.267857 0.147321
8 0.140625 0.738839 0.200893 0.209821
8 0.071429 0.901786 0.133929 0.187500
8 0.220982 0.578125 0.227679 0.218750
8 0.053571 0.569196 0.098214 0.227679
8 0.140625 0.375000 0.209821 0.223214
8 0.058036 0.205357 0.107143 0.223214
8 0.203125 0.154018 0.183036 0.227679
8 0.551339 0.040179 0.218750 0.071429
8 0.968750 0.888393 0.062500 0.178571
