7 0.497768 0.508929 0.415179 0.446429
8 0.564732 0.165179 0.227679 0.214286
8 0.770089 0.263393 0.236607 0.232143
8 0.796875 0.573661 0.183036 0.227679
8 0.863839 0.475446 0.218750 0.200893
8 0.828125 0.082589 0.236607 0.156250
8 0.334821 0.064732 0.214286 0.120536
8 0.183036 0.180804 0.196429 0.245536
8 0.100446 0.368304 0.191964 0.209821
8 0.100446 0.598214 0.191964 0.214286
8 0.169643 0.709821 0.241071 0.214286
8 0.084821 0.863839 0.160714 0.218750
8 0.359375 0.854911 0.183036 0.227679
8 0.468750 0.868304 0.187500 0.209821
8 0.669643 0.935268 0.232143 0.129464
8 0.816964 0.803571 0.205357 0.214286
8 0.901786 0.957589 0.196429 0.084821
8 0.973214 0.274554 0.053571 0.191964
8 0.966518 0.872768 0.066964 0.174107
8 0.035714 0.113839 0.062500 0.218750
