7 0.234375 0.419643 0.084821 0.080357
7 0.533482 0.504464 0.450893 0.455357
8 0.323661 0.243304 0.245536 0.218750
8 0.421875 0.084821 0.218750 0.160714
8 0.265625 0.051339 0.245536 0.093750
8 0.796875 0.111607 0.245536 0.214286
8 0.799107 0.368304 0.241071 0.236607
8 0.792411 0.598214 0.191964 0.223214
8 0.109375 0.332589 0.209821 0.263393
8 0.095982 0.917411 0.183036 0.165179
8 0.625000 0.946429 0.196429 0.107143
8 0.830357 0.937500 0.223214 0.125000
8 0.953125 0.450893 0.093750 0.187500
8 0.073661 0.658482 0.138393 0.236607
8 0.968750 0.104911 0.062500 0.191964
