7 0.522321 0.051339 0.125000 0.093750
7 0.502232 0.502232 0.450893 0.406250
8 0.803571 0.265625 0.196429 0.200893
8 0.801339 0.511161 0.191964 0.191964
8 0.883929 0.796875 0.223214 0.191964
8 0.852679 0.912946 0.205357 0.174107
8 0.689732 0.729911 0.200893 0.183036
8 0.428571 0.801339 0.241071 0.218750
8 0.618304 0.908482 0.218750 0.183036
8 0.191964 0.752232 0.205357 0.200893
8 0.167411 0.629464 0.218750 0.196429
8 0.113839 0.491071 0.218750 0.232143
8 0.254464 0.265625 0.250000 0.245536
8 0.087054 0.102679 0.165179 0.196429
8 0.796875 0.066964 0.200893 0.125000
8 0.955357 0.263393 0.089286 0.223214
8 0.953125 0.517857 0.093750 0.214286
8 0.953125 0.064732 0.093750 0.120536
8 0.058036 0.906250 0.107143 0.187500
