7 0.482143 0.508929 0.428571 0.392857
8 0.265625 0.158482 0.236607 0.191964
8 0.341518 0.107143 0.200893 0.187500
8 0.845982 0.098214 0.218750 0.187500
8 0.830357 0.296875 0.196429 0.174107
8 0.886161 0.522321 0.218750 0.232143
8 0.897321 0.725446 0.205357 0.191964
8 0.712054 0.819196 0.236607 0.227679
8 0.486607 0.863839 0.223214 0.272321
8 0.263393 0.935268 0.205357 0.129464
8 0.189732 0.660714 0.209821 0.223214
8 0.214286 0.537946 0.214286 0.165179
8 0.138393 0.319196 0.267857 0.236607
8 0.113839 0.073661 0.218750 0.138393
8 0.540179 0.042411 0.214286 0.075893
