7 0.520089 0.526786 0.379464 0.464286
8 0.220982 0.303571 0.272321 0.241071
8 0.227679 0.526786 0.223214 0.232143
8 0.093750 0.696429 0.178571 0.205357
8 0.154018 0.801339 0.200893 0.183036
8 0.500000 0.839286 0.258929 0.196429
8 0.410714 0.933036 0.241071 0.133929
8 0.734375 0.892857 0.245536 0.214286
8 0.808036 0.830357 0.241071 0.205357
8 0.810268 0.533482 0.254464 0.200893
8 0.910714 0.303571 0.178571 0.232143
8 0.899554 0.091518 0.200893 0.174107
8 0.131696 0.095982 0.254464 0.183036
8 0.053571 0.435268 0.098214 0.183036
8 0.964286 0.725446 0.071429 0.183036
8 0.959821 0.924107 0.080357 0.151786
8 0.979911 0.504464 0.040179 0.151786
8 0.660714 0.046875 0.258929 0.084821
8 0.772321 0.462054 0.205357 0.209821
