7 0.491071 0.511161 0.410714 0.415179
8 0.191964 0.575893 0.232143 0.232143
8 0.837054 0.417411 0.236607 0.236607
8 0.946429 0.564732 0.107143 0.191964
8 0.734375 0.147321 0.200893 0.241071
8 0.881696 0.154018 0.209821 0.227679
8 0.837054 0.040179 0.245536 0.071429
8 0.415179 0.127232 0.250000 0.227679
8 0.198661 0.241071 0.254464 0.214286
8 0.120536 0.388393 0.232143 0.232143
8 0.147321 0.808036 0.241071 0.258929
8 0.437500 0.837054 0.258929 0.245536
8 0.526786 0.892857 0.214286 0.187500
8 0.667411 0.761161 0.227679 0.209821
8 0.870536 0.741071 0.223214 0.241071
8 0.883929 0.928571 0.223214 0.142857
8 0.064732 0.080357 0.120536 0.151786
8 0.044643 0.225446 0.080357 0.156250
8 0.042411 0.569196 0.075893 0.200893
8 0.953125 0.337054 0.093750 0.165179
