7 0.486607 0.533482 0.508929 0.424107
8 0.694196 0.216518 0.361607 0.191964
8 0.725446 0.332589 0.236607 0.200893
8 0.915179 0.272321 0.169643 0.241071
8 0.904018 0.468750 0.191964 0.205357
8 0.810268 0.591518 0.236607 0.174107
8 0.803571 0.754464 0.294643 0.169643
8 0.948661 0.799107 0.102679 0.232143
8 0.821429 0.921875 0.258929 0.156250
8 0.473214 0.890625 0.241071 0.191964
8 0.573661 0.790179 0.191964 0.160714
8 0.357143 0.745536 0.250000 0.223214
8 0.198661 0.707589 0.191964 0.245536
8 0.314732 0.933036 0.227679 0.133929
8 0.091518 0.933036 0.174107 0.133929
8 0.167411 0.426339 0.308036 0.245536
8 0.734375 0.064732 0.245536 0.120536
8 0.513393 0.084821 0.178571 0.160714
8 0.390625 0.160714 0.200893 0.214286
8 0.207589 0.194196 0.200893 0.236607
8 0.058036 0.229911 0.107143 0.263393
8 0.142857 0.022321 0.187500 0.035714
8 0.363839 0.015625 0.209821 0.022321
