7 0.475446 0.515625 0.486607 0.459821
7 0.743304 0.104911 0.066964 0.084821
8 0.671875 0.227679 0.236607 0.214286
8 0.895089 0.200893 0.209821 0.267857
8 0.348214 0.207589 0.285714 0.191964
8 0.100446 0.261161 0.191964 0.209821
8 0.178571 0.602679 0.214286 0.250000
8 0.337054 0.785714 0.191964 0.232143
8 0.542411 0.814732 0.218750 0.209821
8 0.736607 0.707589 0.258929 0.209821
8 0.930804 0.595982 0.138393 0.254464
8 0.917411 0.908482 0.165179 0.183036
8 0.450893 0.064732 0.267857 0.120536
8 0.051339 0.747768 0.093750 0.281250
8 0.037946 0.486607 0.066964 0.232143
8 0.292411 0.950893 0.200893 0.098214
8 0.066964 0.042411 0.125000 0.075893
8 0.761161 0.029018 0.218750 0.049107
