7 0.504464 0.515625 0.383929 0.343750
8 0.250000 0.241071 0.241071 0.241071
8 0.584821 0.156250 0.250000 0.214286
8 0.741071 0.330357 0.303571 0.232143
8 0.892857 0.160714 0.214286 0.178571
8 0.825893 0.075893 0.250000 0.142857
8 0.415179 0.060268 0.285714 0.111607
8 0.095982 0.069196 0.183036 0.129464
8 0.069196 0.176339 0.129464 0.174107
8 0.102679 0.437500 0.196429 0.294643
8 0.069196 0.678571 0.129464 0.232143
8 0.227679 0.685268 0.232143 0.272321
8 0.410714 0.866071 0.232143 0.214286
8 0.651786 0.779018 0.250000 0.227679
8 0.881696 0.669643 0.236607 0.258929
8 0.866071 0.895089 0.267857 0.209821
8 0.618304 0.948661 0.245536 0.102679
8 0.169643 0.921875 0.276786 0.156250
