7 0.500000 0.500000 0.428571 0.383929
7 0.062500 0.651786 0.116071 0.089286
8 0.064732 0.352679 0.120536 0.250000
8 0.214286 0.412946 0.178571 0.236607
8 0.227679 0.738839 0.241071 0.236607
8 0.470982 0.816964 0.236607 0.232143
8 0.582589 0.812500 0.236607 0.205357
8 0.810268 0.863839 0.218750 0.209821
8 0.937500 0.573661 0.125000 0.254464
8 0.966518 0.821429 0.066964 0.169643
8 0.794643 0.415179 0.232143 0.250000
8 0.747768 0.171875 0.263393 0.236607
8 0.604911 0.189732 0.200893 0.209821
8 0.334821 0.075893 0.258929 0.142857
8 0.946429 0.098214 0.107143 0.187500
8 0.051339 0.852679 0.093750 0.214286
8 0.493304 0.975446 0.200893 0.049107
