7 0.495536 0.493304 0.401786 0.468750
8 0.142857 0.125000 0.232143 0.241071
8 0.495536 0.118304 0.241071 0.227679
8 0.709821 0.214286 0.241071 0.267857
8 0.877232 0.388393 0.209821 0.196429
8 0.897321 0.171875 0.205357 0.209821
8 0.830357 0.075893 0.214286 0.142857
8 0.830357 0.636161 0.196429 0.254464
8 0.912946 0.587054 0.174107 0.218750
8 0.212054 0.406250 0.227679 0.241071
8 0.111607 0.433036 0.205357 0.223214
8 0.256696 0.714286 0.227679 0.232143
8 0.459821 0.834821 0.223214 0.196429
8 0.584821 0.821429 0.232143 0.205357
8 0.839286 0.875000 0.258929 0.232143
8 0.102679 0.906250 0.196429 0.187500
8 0.337054 0.944196 0.236607 0.111607
