7 0.511161 0.513393 0.406250 0.401786
8 0.261161 0.174107 0.263393 0.250000
8 0.625000 0.107143 0.294643 0.205357
8 0.787946 0.281250 0.254464 0.232143
8 0.946429 0.350446 0.107143 0.218750
8 0.921875 0.138393 0.156250 0.187500
8 0.912946 0.763393 0.174107 0.223214
8 0.716518 0.727679 0.245536 0.196429
8 0.562500 0.870536 0.276786 0.223214
8 0.781250 0.953125 0.214286 0.093750
8 0.370536 0.926339 0.178571 0.147321
8 0.180804 0.680804 0.245536 0.245536
8 0.064732 0.475446 0.120536 0.263393
8 0.075893 0.118304 0.142857 0.218750
