7 0.486607 0.515625 0.428571 0.397321
8 0.712054 0.294643 0.218750 0.241071
8 0.787946 0.535714 0.209821 0.214286
8 0.814732 0.872768 0.263393 0.218750
8 0.609375 0.919643 0.200893 0.160714
8 0.453125 0.752232 0.316964 0.254464
8 0.359375 0.921875 0.254464 0.156250
8 0.084821 0.680804 0.160714 0.281250
8 0.232143 0.513393 0.160714 0.232143
8 0.109375 0.345982 0.200893 0.183036
8 0.328125 0.290179 0.218750 0.178571
8 0.466518 0.225446 0.263393 0.183036
8 0.459821 0.069196 0.267857 0.129464
8 0.689732 0.087054 0.263393 0.165179
8 0.912946 0.064732 0.174107 0.120536
8 0.091518 0.138393 0.174107 0.214286
