7 0.504464 0.486607 0.419643 0.419643
8 0.604911 0.821429 0.227679 0.250000
8 0.830357 0.640625 0.205357 0.183036
8 0.897321 0.437500 0.196429 0.205357
8 0.950893 0.584821 0.098214 0.205357
8 0.857143 0.156250 0.241071 0.196429
8 0.745536 0.055804 0.232143 0.102679
8 0.390625 0.104911 0.191964 0.200893
8 0.236607 0.308036 0.214286 0.250000
8 0.087054 0.359375 0.165179 0.227679
8 0.089286 0.573661 0.169643 0.245536
8 0.290179 0.720982 0.241071 0.209821
8 0.424107 0.904018 0.187500 0.191964
8 0.917411 0.964286 0.165179 0.071429
