7 0.292411 0.272321 0.102679 0.133929
7 0.879464 0.694196 0.133929 0.084821
7 0.495536 0.549107 0.455357 0.419643
8 0.397321 0.127232 0.250000 0.236607
8 0.633929 0.212054 0.250000 0.245536
8 0.723214 0.060268 0.285714 0.111607
8 0.792411 0.410714 0.236607 0.285714
8 0.888393 0.843750 0.223214 0.223214
8 0.645089 0.816964 0.272321 0.232143
8 0.220982 0.506696 0.227679 0.299107
8 0.104911 0.386161 0.200893 0.191964
8 0.064732 0.600446 0.120536 0.254464
8 0.084821 0.171875 0.160714 0.236607
8 0.975446 0.142857 0.049107 0.205357
8 0.245536 0.973214 0.178571 0.053571
