7 0.486607 0.508929 0.455357 0.428571
8 0.430804 0.196429 0.236607 0.214286
8 0.732143 0.263393 0.223214 0.223214
8 0.930804 0.238839 0.138393 0.236607
8 0.825893 0.602679 0.223214 0.223214
8 0.801339 0.828125 0.245536 0.218750
8 0.955357 0.816964 0.089286 0.250000
8 0.595982 0.904018 0.218750 0.191964
8 0.513393 0.821429 0.223214 0.250000
8 0.270089 0.921875 0.218750 0.156250
8 0.287946 0.810268 0.236607 0.191964
8 0.087054 0.712054 0.165179 0.236607
8 0.198661 0.504464 0.191964 0.258929
8 0.060268 0.475446 0.111607 0.236607
8 0.194196 0.245536 0.236607 0.250000
8 0.627232 0.078125 0.263393 0.147321
8 0.794643 0.082589 0.223214 0.156250
8 0.212054 0.062500 0.200893 0.116071
8 0.049107 0.127232 0.089286 0.191964
