7 0.504464 0.520089 0.428571 0.415179
7 0.696429 0.066964 0.142857 0.098214
8 0.506696 0.149554 0.254464 0.227679
8 0.732143 0.279018 0.241071 0.209821
8 0.799107 0.171875 0.223214 0.227679
8 0.948661 0.261161 0.102679 0.245536
8 0.906250 0.491071 0.187500 0.205357
8 0.787946 0.647321 0.227679 0.232143
8 0.870536 0.857143 0.223214 0.214286
8 0.660714 0.910714 0.223214 0.178571
8 0.439732 0.828125 0.236607 0.236607
8 0.370536 0.930804 0.241071 0.138393
8 0.225446 0.790179 0.183036 0.205357
8 0.154018 0.953125 0.174107 0.093750
8 0.066964 0.658482 0.125000 0.245536
8 0.169643 0.549107 0.223214 0.258929
8 0.209821 0.325893 0.223214 0.205357
8 0.062500 0.399554 0.116071 0.245536
8 0.120536 0.140625 0.232143 0.227679
8 0.970982 0.687500 0.058036 0.196429
