7 0.502232 0.504464 0.424107 0.455357
8 0.419643 0.174107 0.285714 0.214286
8 0.825893 0.299107 0.205357 0.196429
8 0.837054 0.462054 0.218750 0.209821
8 0.897321 0.658482 0.205357 0.218750
8 0.736607 0.720982 0.223214 0.174107
8 0.533482 0.830357 0.236607 0.196429
8 0.392857 0.781250 0.223214 0.178571
8 0.252232 0.908482 0.272321 0.183036
8 0.439732 0.959821 0.156250 0.080357
8 0.640625 0.926339 0.218750 0.147321
8 0.832589 0.928571 0.183036 0.142857
8 0.937500 0.921875 0.125000 0.156250
8 0.203125 0.424107 0.200893 0.223214
8 0.102679 0.263393 0.196429 0.232143
8 0.104911 0.075893 0.200893 0.142857
8 0.491071 0.040179 0.241071 0.071429
8 0.966518 0.441964 0.066964 0.187500
8 0.955357 0.180804 0.089286 0.245536
