7 0.484375 0.508929 0.334821 0.357143
8 0.446429 0.185268 0.223214 0.236607
8 0.852679 0.185268 0.232143 0.183036
8 0.883929 0.093750 0.205357 0.178571
8 0.868304 0.386161 0.263393 0.236607
8 0.816964 0.524554 0.258929 0.200893
8 0.839286 0.678571 0.258929 0.258929
8 0.928571 0.772321 0.142857 0.258929
8 0.642857 0.801339 0.285714 0.254464
8 0.482143 0.904018 0.241071 0.191964
8 0.372768 0.941964 0.236607 0.116071
8 0.272321 0.732143 0.232143 0.241071
8 0.136161 0.660714 0.245536 0.241071
8 0.218750 0.424107 0.205357 0.241071
8 0.207589 0.136161 0.263393 0.263393
8 0.071429 0.319196 0.133929 0.209821
8 0.033482 0.113839 0.058036 0.191964
