7 0.502232 0.524554 0.388393 0.397321
7 0.825893 0.390625 0.098214 0.093750
8 0.171875 0.450893 0.236607 0.223214
8 0.276786 0.301339 0.214286 0.183036
8 0.812500 0.562500 0.232143 0.214286
8 0.915179 0.120536 0.169643 0.232143
8 0.937500 0.388393 0.125000 0.241071
8 0.928571 0.868304 0.142857 0.254464
8 0.718750 0.814732 0.232143 0.245536
8 0.598214 0.812500 0.169643 0.178571
8 0.339286 0.772321 0.321429 0.241071
8 0.089286 0.872768 0.169643 0.236607
8 0.058036 0.526786 0.107143 0.187500
8 0.064732 0.287946 0.120536 0.218750
8 0.459821 0.944196 0.196429 0.111607
