7 0.486607 0.529018 0.419643 0.459821
7 0.703125 0.363839 0.138393 0.156250
8 0.484375 0.185268 0.245536 0.236607
8 0.890625 0.180804 0.209821 0.227679
8 0.727679 0.107143 0.285714 0.205357
8 0.205357 0.131696 0.223214 0.254464
8 0.180804 0.437500 0.245536 0.250000
8 0.049107 0.558036 0.089286 0.250000
8 0.205357 0.676339 0.241071 0.254464
8 0.383929 0.841518 0.250000 0.236607
8 0.138393 0.881696 0.232143 0.236607
8 0.651786 0.727679 0.285714 0.223214
8 0.774554 0.870536 0.245536 0.241071
8 0.935268 0.888393 0.129464 0.223214
8 0.857143 0.430804 0.250000 0.245536
8 0.046875 0.109375 0.084821 0.209821
8 0.031250 0.337054 0.053571 0.147321
