7 0.495536 0.522321 0.419643 0.446429
8 0.283482 0.238839 0.227679 0.218750
8 0.515625 0.189732 0.290179 0.200893
8 0.767857 0.279018 0.267857 0.236607
8 0.881696 0.560268 0.227679 0.236607
8 0.906250 0.772321 0.187500 0.241071
8 0.812500 0.915179 0.241071 0.169643
8 0.368304 0.823661 0.245536 0.245536
8 0.151786 0.725446 0.241071 0.236607
8 0.147321 0.926339 0.214286 0.147321
8 0.814732 0.078125 0.236607 0.147321
8 0.390625 0.049107 0.227679 0.089286
8 0.357143 0.962054 0.178571 0.075893
8 0.955357 0.363839 0.089286 0.236607
8 0.959821 0.113839 0.080357 0.200893
8 0.051339 0.127232 0.093750 0.191964
8 0.033482 0.609375 0.058036 0.191964
