7 0.497768 0.515625 0.468750 0.459821
8 0.069196 0.323661 0.129464 0.209821
8 0.176339 0.598214 0.245536 0.223214
8 0.178571 0.444196 0.187500 0.174107
8 0.281250 0.136161 0.232143 0.263393
8 0.544643 0.158482 0.276786 0.200893
8 0.763393 0.060268 0.258929 0.111607
8 0.930804 0.194196 0.138393 0.245536
8 0.917411 0.602679 0.165179 0.223214
8 0.758929 0.709821 0.241071 0.214286
8 0.908482 0.904018 0.183036 0.191964
8 0.406250 0.787946 0.303571 0.227679
8 0.250000 0.888393 0.223214 0.223214
8 0.064732 0.747768 0.120536 0.183036
8 0.424107 0.959821 0.187500 0.080357
8 0.959821 0.408482 0.080357 0.165179
