7 0.165179 0.689732 0.321429 0.406250
7 0.515625 0.515625 0.433036 0.486607
7 0.046875 0.089286 0.084821 0.107143
8 0.361607 0.095982 0.294643 0.183036
8 0.553571 0.183036 0.187500 0.196429
8 0.709821 0.174107 0.205357 0.232143
8 0.785714 0.263393 0.205357 0.196429
8 0.792411 0.517857 0.227679 0.232143
8 0.689732 0.727679 0.209821 0.276786
8 0.906250 0.783482 0.187500 0.281250
8 0.113839 0.046875 0.218750 0.084821
8 0.502232 0.966518 0.191964 0.066964
8 0.316964 0.975446 0.187500 0.049107
8 0.968750 0.397321 0.062500 0.160714
