7 0.504464 0.477679 0.455357 0.437500
7 0.803571 0.388393 0.089286 0.089286
8 0.220982 0.274554 0.308036 0.245536
8 0.122768 0.549107 0.236607 0.276786
8 0.671875 0.877232 0.245536 0.245536
8 0.890625 0.897321 0.218750 0.205357
8 0.803571 0.656250 0.214286 0.241071
8 0.832589 0.542411 0.236607 0.200893
8 0.921875 0.354911 0.156250 0.263393
8 0.598214 0.198661 0.285714 0.236607
8 0.404018 0.080357 0.174107 0.151786
8 0.116071 0.100446 0.223214 0.191964
8 0.087054 0.924107 0.165179 0.151786
8 0.957589 0.118304 0.084821 0.165179
8 0.957589 0.736607 0.084821 0.196429
8 0.482143 0.957589 0.205357 0.084821
