7 0.477679 0.502232 0.330357 0.441964
7 0.870536 0.321429 0.178571 0.125000
7 0.819196 0.812500 0.075893 0.089286
8 0.234375 0.223214 0.299107 0.205357
8 0.424107 0.125000 0.214286 0.205357
8 0.734375 0.234375 0.191964 0.200893
8 0.654018 0.102679 0.272321 0.178571
8 0.955357 0.419643 0.089286 0.214286
8 0.734375 0.633929 0.272321 0.205357
8 0.553571 0.810268 0.241071 0.218750
8 0.343750 0.761161 0.196429 0.200893
8 0.214286 0.901786 0.196429 0.169643
8 0.254464 0.542411 0.169643 0.254464
8 0.102679 0.397321 0.196429 0.214286
8 0.087054 0.095982 0.165179 0.183036
8 0.955357 0.750000 0.089286 0.196429
8 0.843750 0.904018 0.205357 0.174107
8 0.448661 0.950893 0.174107 0.098214
8 0.064732 0.651786 0.120536 0.196429
8 0.957589 0.196429 0.084821 0.232143
