7 0.477679 0.493304 0.508929 0.361607
7 0.058036 0.037946 0.107143 0.066964
8 0.589286 0.216518 0.196429 0.191964
8 0.674107 0.287946 0.214286 0.200893
8 0.872768 0.187500 0.245536 0.250000
8 0.870536 0.493304 0.258929 0.245536
8 0.772321 0.872768 0.232143 0.236607
8 0.535714 0.803571 0.250000 0.232143
8 0.252232 0.814732 0.209821 0.209821
8 0.185268 0.607143 0.272321 0.223214
8 0.051339 0.705357 0.093750 0.205357
8 0.227679 0.069196 0.214286 0.129464
8 0.426339 0.058036 0.227679 0.107143
8 0.656250 0.060268 0.250000 0.111607
8 0.058036 0.334821 0.107143 0.250000
