7 0.506696 0.526786 0.450893 0.455357
8 0.258929 0.149554 0.223214 0.245536
8 0.450893 0.087054 0.196429 0.165179
8 0.654018 0.102679 0.218750 0.196429
8 0.765625 0.368304 0.209821 0.263393
8 0.897321 0.247768 0.205357 0.254464
8 0.883929 0.808036 0.223214 0.250000
8 0.611607 0.888393 0.214286 0.223214
8 0.796875 0.950893 0.200893 0.098214
8 0.303571 0.897321 0.267857 0.205357
8 0.176339 0.600446 0.209821 0.281250
8 0.180804 0.350446 0.245536 0.200893
8 0.058036 0.712054 0.107143 0.227679
8 0.044643 0.156250 0.080357 0.187500
8 0.069196 0.031250 0.129464 0.053571
8 0.950893 0.069196 0.098214 0.129464
