7 0.495536 0.497768 0.357143 0.424107
8 0.312500 0.140625 0.205357 0.209821
8 0.758929 0.343750 0.187500 0.205357
8 0.703125 0.120536 0.209821 0.232143
8 0.904018 0.174107 0.191964 0.232143
8 0.895089 0.529018 0.209821 0.245536
8 0.758929 0.671875 0.267857 0.200893
8 0.897321 0.810268 0.205357 0.227679
8 0.669643 0.899554 0.250000 0.200893
8 0.404018 0.937500 0.245536 0.125000
8 0.279018 0.765625 0.209821 0.236607
8 0.098214 0.823661 0.187500 0.227679
8 0.071429 0.607143 0.133929 0.258929
8 0.109375 0.089286 0.209821 0.169643
8 0.162946 0.970982 0.209821 0.058036
8 0.863839 0.042411 0.200893 0.075893
