7 0.417411 0.270089 0.129464 0.084821
7 0.312500 0.046875 0.125000 0.084821
7 0.500000 0.500000 0.392857 0.375000
7 0.292411 0.747768 0.361607 0.290179
7 0.397321 0.946429 0.151786 0.080357
8 0.095982 0.120536 0.183036 0.214286
8 0.453125 0.089286 0.236607 0.169643
8 0.683036 0.125000 0.232143 0.223214
8 0.899554 0.131696 0.200893 0.200893
8 0.939732 0.316964 0.120536 0.241071
8 0.834821 0.569196 0.258929 0.227679
8 0.926339 0.763393 0.147321 0.267857
8 0.102679 0.546875 0.196429 0.200893
8 0.078125 0.678571 0.147321 0.223214
8 0.185268 0.948661 0.200893 0.102679
