7 0.493304 0.511161 0.361607 0.388393
8 0.707589 0.290179 0.218750 0.178571
8 0.872768 0.207589 0.183036 0.218750
8 0.850446 0.104911 0.290179 0.183036
8 0.866071 0.526786 0.241071 0.196429
8 0.725446 0.758929 0.218750 0.214286
8 0.872768 0.888393 0.218750 0.196429
8 0.506696 0.776786 0.272321 0.196429
8 0.633929 0.924107 0.250000 0.151786
8 0.424107 0.924107 0.250000 0.151786
8 0.223214 0.812500 0.205357 0.205357
8 0.180804 0.707589 0.263393 0.209821
8 0.185268 0.475446 0.218750 0.236607
8 0.120536 0.276786 0.214286 0.232143
8 0.283482 0.091518 0.227679 0.174107
8 0.051339 0.508929 0.093750 0.223214
8 0.082589 0.921875 0.156250 0.156250
8 0.102679 0.051339 0.196429 0.093750
8 0.502232 0.049107 0.245536 0.089286
