7 0.475446 0.482143 0.424107 0.375000
8 0.772321 0.671875 0.214286 0.191964
8 0.904018 0.513393 0.191964 0.285714
8 0.926339 0.774554 0.147321 0.218750
8 0.897321 0.939732 0.205357 0.111607
8 0.674107 0.848214 0.303571 0.196429
8 0.339286 0.770089 0.196429 0.191964
8 0.138393 0.787946 0.214286 0.209821
8 0.194196 0.917411 0.236607 0.156250
8 0.220982 0.569196 0.236607 0.227679
8 0.064732 0.506696 0.120536 0.245536
8 0.151786 0.169643 0.205357 0.160714
8 0.428571 0.125000 0.258929 0.232143
8 0.620536 0.082589 0.232143 0.156250
8 0.828125 0.093750 0.209821 0.178571
8 0.957589 0.272321 0.084821 0.205357
8 0.111607 0.049107 0.214286 0.089286
8 0.035714 0.162946 0.062500 0.183036
8 0.287946 0.026786 0.138393 0.044643
8 0.428571 0.799107 0.205357 0.214286
