7 0.790179 0.136161 0.116071 0.093750
7 0.339286 0.915179 0.116071 0.098214
7 0.495536 0.502232 0.419643 0.406250
8 0.779018 0.386161 0.236607 0.281250
8 0.705357 0.662946 0.303571 0.227679
8 0.676339 0.883929 0.263393 0.223214
8 0.915179 0.837054 0.169643 0.227679
8 0.462054 0.895089 0.254464 0.209821
8 0.127232 0.729911 0.245536 0.227679
8 0.087054 0.229911 0.165179 0.218750
8 0.377232 0.212054 0.281250 0.254464
8 0.573661 0.107143 0.191964 0.196429
8 0.841518 0.169643 0.281250 0.258929
8 0.113839 0.953125 0.218750 0.093750
8 0.060268 0.453125 0.111607 0.209821
