7 0.504464 0.504464 0.437500 0.383929
8 0.446429 0.227679 0.294643 0.133929
8 0.799107 0.270089 0.276786 0.254464
8 0.814732 0.595982 0.218750 0.227679
8 0.801339 0.816964 0.200893 0.205357
8 0.591518 0.785714 0.227679 0.232143
8 0.392857 0.796875 0.223214 0.218750
8 0.241071 0.658482 0.241071 0.236607
8 0.198661 0.444196 0.236607 0.245536
8 0.642857 0.102679 0.250000 0.196429
8 0.897321 0.082589 0.196429 0.156250
8 0.437500 0.095982 0.241071 0.183036
8 0.069196 0.082589 0.129464 0.156250
8 0.069196 0.888393 0.129464 0.160714
8 0.031250 0.685268 0.053571 0.174107
8 0.732143 0.957589 0.232143 0.084821
8 0.948661 0.879464 0.102679 0.187500
