7 0.486607 0.511161 0.455357 0.441964
8 0.832589 0.555804 0.254464 0.236607
8 0.810268 0.852679 0.227679 0.205357
8 0.609375 0.783482 0.200893 0.191964
8 0.426339 0.747768 0.191964 0.165179
8 0.475446 0.921875 0.183036 0.156250
8 0.285714 0.904018 0.196429 0.191964
8 0.100446 0.908482 0.183036 0.183036
8 0.104911 0.517857 0.200893 0.214286
8 0.151786 0.296875 0.223214 0.191964
8 0.055804 0.120536 0.102679 0.232143
8 0.328125 0.084821 0.254464 0.160714
8 0.770089 0.263393 0.236607 0.214286
8 0.578125 0.035714 0.191964 0.062500
8 0.955357 0.912946 0.089286 0.174107
