7 0.504464 0.549107 0.383929 0.419643
7 0.493304 0.107143 0.138393 0.089286
8 0.718750 0.281250 0.223214 0.214286
8 0.910714 0.330357 0.178571 0.205357
8 0.814732 0.524554 0.218750 0.272321
8 0.814732 0.792411 0.245536 0.236607
8 0.448661 0.908482 0.227679 0.183036
8 0.247768 0.799107 0.209821 0.250000
8 0.071429 0.720982 0.133929 0.254464
8 0.073661 0.921875 0.138393 0.156250
8 0.265625 0.299107 0.254464 0.196429
8 0.084821 0.122768 0.160714 0.236607
8 0.225446 0.049107 0.245536 0.089286
8 0.750000 0.073661 0.250000 0.138393
8 0.962054 0.707589 0.075893 0.191964
8 0.915179 0.948661 0.169643 0.102679
8 0.055804 0.482143 0.102679 0.196429
