7 0.493304 0.513393 0.370536 0.339286
8 0.272321 0.381696 0.196429 0.218750
8 0.687500 0.254464 0.250000 0.214286
8 0.875000 0.370536 0.205357 0.312500
8 0.904018 0.154018 0.183036 0.209821
8 0.948661 0.122768 0.102679 0.209821
8 0.658482 0.075893 0.209821 0.142857
8 0.388393 0.107143 0.232143 0.205357
8 0.133929 0.075893 0.241071 0.142857
8 0.069196 0.662946 0.129464 0.254464
8 0.292411 0.660714 0.263393 0.223214
8 0.395089 0.736607 0.191964 0.178571
8 0.578125 0.743304 0.245536 0.218750
8 0.924107 0.660714 0.151786 0.205357
8 0.895089 0.852679 0.200893 0.196429
8 0.901786 0.935268 0.196429 0.129464
8 0.500000 0.908482 0.241071 0.183036
8 0.082589 0.917411 0.156250 0.165179
8 0.037946 0.348214 0.066964 0.303571
