7 0.504464 0.517857 0.383929 0.401786
8 0.205357 0.404018 0.214286 0.227679
8 0.205357 0.638393 0.196429 0.196429
8 0.285714 0.886161 0.250000 0.227679
8 0.625000 0.785714 0.241071 0.232143
8 0.828125 0.843750 0.227679 0.250000
8 0.899554 0.551339 0.200893 0.218750
8 0.754464 0.504464 0.214286 0.312500
8 0.930804 0.720982 0.138393 0.191964
8 0.941964 0.350446 0.116071 0.209821
8 0.812500 0.194196 0.205357 0.227679
8 0.587054 0.169643 0.254464 0.205357
8 0.638393 0.089286 0.250000 0.169643
8 0.950893 0.118304 0.098214 0.183036
8 0.109375 0.104911 0.209821 0.200893
8 0.058036 0.732143 0.107143 0.205357
8 0.665179 0.948661 0.205357 0.102679
8 0.109375 0.959821 0.209821 0.080357
8 0.042411 0.937500 0.075893 0.125000
