7 0.488839 0.513393 0.406250 0.383929
7 0.082589 0.075893 0.120536 0.089286
7 0.915179 0.841518 0.169643 0.316964
8 0.330357 0.247768 0.276786 0.218750
8 0.750000 0.225446 0.250000 0.227679
8 0.944196 0.270089 0.111607 0.227679
8 0.910714 0.459821 0.178571 0.151786
8 0.890625 0.531250 0.218750 0.214286
8 0.830357 0.622768 0.241071 0.227679
8 0.781250 0.834821 0.232143 0.223214
8 0.542411 0.828125 0.218750 0.183036
8 0.439732 0.783482 0.236607 0.200893
8 0.238839 0.575893 0.227679 0.276786
8 0.185268 0.450893 0.218750 0.214286
8 0.100446 0.734375 0.191964 0.191964
8 0.227679 0.946429 0.214286 0.107143
8 0.053571 0.839286 0.098214 0.196429
8 0.064732 0.167411 0.120536 0.209821
8 0.477679 0.089286 0.214286 0.169643
8 0.044643 0.446429 0.080357 0.214286
8 0.580357 0.979911 0.160714 0.040179
