7 0.488839 0.511161 0.388393 0.397321
7 0.566964 0.062500 0.107143 0.080357
8 0.319196 0.238839 0.183036 0.272321
8 0.412946 0.189732 0.218750 0.236607
8 0.247768 0.433036 0.174107 0.250000
8 0.113839 0.314732 0.218750 0.254464
8 0.109375 0.098214 0.209821 0.187500
8 0.133929 0.611607 0.241071 0.330357
8 0.178571 0.899554 0.258929 0.200893
8 0.611607 0.854911 0.267857 0.245536
8 0.839286 0.810268 0.196429 0.245536
8 0.924107 0.783482 0.151786 0.245536
8 0.921875 0.276786 0.156250 0.241071
8 0.946429 0.075893 0.107143 0.142857
8 0.392857 0.040179 0.250000 0.071429
8 0.372768 0.970982 0.156250 0.058036
