7 0.488839 0.535714 0.433036 0.455357
8 0.629464 0.234375 0.187500 0.236607
8 0.819196 0.290179 0.209821 0.232143
8 0.957589 0.203125 0.084821 0.191964
8 0.803571 0.504464 0.196429 0.205357
8 0.790179 0.595982 0.169643 0.218750
8 0.917411 0.763393 0.165179 0.250000
8 0.386161 0.843750 0.227679 0.241071
8 0.292411 0.915179 0.209821 0.169643
8 0.151786 0.930804 0.196429 0.138393
8 0.053571 0.875000 0.098214 0.169643
8 0.171875 0.544643 0.200893 0.223214
8 0.325893 0.245536 0.232143 0.196429
8 0.165179 0.267857 0.178571 0.205357
8 0.073661 0.203125 0.138393 0.191964
8 0.406250 0.058036 0.232143 0.107143
8 0.040179 0.404018 0.071429 0.191964
8 0.113839 0.024554 0.218750 0.040179
8 0.848214 0.948661 0.214286 0.102679
