7 0.495536 0.502232 0.410714 0.459821
8 0.741071 0.270089 0.241071 0.227679
8 0.808036 0.491071 0.250000 0.223214
8 0.761161 0.714286 0.263393 0.223214
8 0.790179 0.924107 0.241071 0.151786
8 0.946429 0.627232 0.107143 0.209821
8 0.473214 0.919643 0.276786 0.160714
8 0.227679 0.761161 0.267857 0.209821
8 0.185268 0.551339 0.218750 0.209821
8 0.216518 0.319196 0.227679 0.263393
8 0.546875 0.131696 0.290179 0.254464
8 0.225446 0.071429 0.272321 0.133929
8 0.049107 0.343750 0.089286 0.196429
8 0.075893 0.895089 0.142857 0.209821
8 0.973214 0.912946 0.053571 0.174107
8 0.863839 0.064732 0.218750 0.120536
