7 0.479911 0.531250 0.424107 0.437500
8 0.292411 0.176339 0.227679 0.254464
8 0.138393 0.450893 0.258929 0.214286
8 0.200893 0.676339 0.187500 0.191964
8 0.100446 0.843750 0.191964 0.205357
8 0.616071 0.848214 0.250000 0.187500
8 0.834821 0.620536 0.214286 0.241071
8 0.772321 0.372768 0.250000 0.236607
8 0.910714 0.225446 0.178571 0.209821
8 0.767857 0.095982 0.205357 0.183036
8 0.937500 0.058036 0.125000 0.107143
8 0.464286 0.055804 0.241071 0.102679
8 0.051339 0.250000 0.093750 0.205357
8 0.783482 0.924107 0.147321 0.151786
