7 0.506696 0.529018 0.450893 0.424107
8 0.272321 0.229911 0.205357 0.200893
8 0.263393 0.116071 0.205357 0.196429
8 0.600446 0.136161 0.236607 0.200893
8 0.714286 0.323661 0.223214 0.209821
8 0.879464 0.198661 0.214286 0.227679
8 0.953125 0.171875 0.093750 0.236607
8 0.919643 0.602679 0.160714 0.232143
8 0.926339 0.718750 0.147321 0.214286
8 0.747768 0.696429 0.183036 0.223214
8 0.582589 0.816964 0.209821 0.205357
8 0.419643 0.910714 0.241071 0.178571
8 0.133929 0.875000 0.258929 0.241071
8 0.234375 0.609375 0.200893 0.245536
8 0.071429 0.558036 0.133929 0.241071
8 0.071429 0.345982 0.133929 0.245536
