7 0.303571 0.625000 0.133929 0.116071
7 0.848214 0.828125 0.160714 0.093750
7 0.457589 0.247768 0.075893 0.066964
7 0.495536 0.504464 0.419643 0.375000
8 0.214286 0.196429 0.187500 0.187500
8 0.214286 0.419643 0.214286 0.241071
8 0.600446 0.169643 0.200893 0.232143
8 0.805804 0.287946 0.254464 0.272321
8 0.897321 0.522321 0.205357 0.223214
8 0.781250 0.669643 0.214286 0.187500
8 0.591518 0.799107 0.218750 0.214286
8 0.761161 0.924107 0.245536 0.151786
8 0.948661 0.883929 0.102679 0.205357
8 0.962054 0.287946 0.075893 0.218750
8 0.810268 0.075893 0.236607 0.142857
8 0.959821 0.082589 0.080357 0.156250
8 0.125000 0.640625 0.205357 0.227679
8 0.142857 0.859375 0.241071 0.209821
8 0.359375 0.819196 0.209821 0.218750
8 0.060268 0.084821 0.111607 0.160714
