7 0.502232 0.515625 0.388393 0.388393
8 0.274554 0.147321 0.227679 0.214286
8 0.468750 0.084821 0.232143 0.160714
8 0.723214 0.343750 0.196429 0.276786
8 0.832589 0.084821 0.272321 0.160714
8 0.933036 0.591518 0.133929 0.236607
8 0.758929 0.665179 0.250000 0.223214
8 0.828125 0.886161 0.227679 0.227679
8 0.566964 0.866071 0.267857 0.223214
8 0.343750 0.752232 0.241071 0.227679
8 0.160714 0.598214 0.205357 0.223214
8 0.200893 0.368304 0.258929 0.236607
8 0.174107 0.904018 0.232143 0.191964
8 0.058036 0.774554 0.107143 0.227679
