7 0.486607 0.511161 0.410714 0.352679
8 0.323661 0.243304 0.263393 0.245536
8 0.555804 0.191964 0.236607 0.205357
8 0.662946 0.154018 0.218750 0.218750
8 0.805804 0.089286 0.254464 0.169643
8 0.787946 0.428571 0.227679 0.232143
8 0.861607 0.321429 0.241071 0.232143
8 0.848214 0.758929 0.214286 0.205357
8 0.660714 0.712054 0.241071 0.191964
8 0.662946 0.886161 0.263393 0.227679
8 0.435268 0.912946 0.191964 0.174107
8 0.265625 0.843750 0.218750 0.196429
8 0.245536 0.629464 0.214286 0.214286
8 0.095982 0.725446 0.183036 0.218750
8 0.127232 0.437500 0.218750 0.214286
8 0.220982 0.069196 0.254464 0.129464
8 0.053571 0.147321 0.098214 0.285714
8 0.957589 0.872768 0.084821 0.200893
8 0.845982 0.962054 0.200893 0.075893
