7 0.495536 0.495536 0.455357 0.383929
8 0.808036 0.127232 0.241071 0.200893
8 0.917411 0.066964 0.165179 0.125000
8 0.895089 0.546875 0.209821 0.218750
8 0.765625 0.680804 0.227679 0.183036
8 0.881696 0.854911 0.218750 0.218750
8 0.529018 0.821429 0.245536 0.223214
8 0.189732 0.564732 0.183036 0.191964
8 0.156250 0.671875 0.250000 0.156250
8 0.142857 0.814732 0.223214 0.183036
8 0.247768 0.232143 0.227679 0.169643
8 0.466518 0.062500 0.236607 0.116071
8 0.098214 0.058036 0.187500 0.107143
8 0.071429 0.272321 0.133929 0.303571
8 0.250000 0.955357 0.178571 0.089286
8 0.926339 0.935268 0.147321 0.129464
8 0.977679 0.238839 0.044643 0.174107
