7 0.508929 0.513393 0.446429 0.428571
7 0.299107 0.111607 0.080357 0.080357
7 0.450893 0.156250 0.098214 0.044643
8 0.261161 0.236607 0.236607 0.232143
8 0.174107 0.466518 0.214286 0.191964
8 0.125000 0.600446 0.196429 0.236607
8 0.888393 0.459821 0.205357 0.223214
8 0.620536 0.808036 0.232143 0.187500
8 0.337054 0.801339 0.272321 0.183036
8 0.377232 0.946429 0.218750 0.107143
8 0.921875 0.868304 0.156250 0.236607
8 0.714286 0.946429 0.241071 0.107143
8 0.078125 0.854911 0.147321 0.236607
8 0.640625 0.066964 0.281250 0.125000
8 0.917411 0.066964 0.165179 0.125000
8 0.084821 0.082589 0.160714 0.156250
8 0.066964 0.332589 0.125000 0.236607
