7 0.495536 0.522321 0.348214 0.401786
8 0.174107 0.334821 0.241071 0.232143
8 0.145089 0.194196 0.236607 0.200893
8 0.321429 0.078125 0.241071 0.147321
8 0.477679 0.189732 0.258929 0.227679
8 0.691964 0.145089 0.196429 0.200893
8 0.774554 0.216518 0.209821 0.183036
8 0.939732 0.354911 0.120536 0.218750
8 0.801339 0.493304 0.209821 0.236607
8 0.906250 0.551339 0.187500 0.200893
8 0.783482 0.656250 0.209821 0.169643
8 0.850446 0.783482 0.200893 0.245536
8 0.872768 0.910714 0.227679 0.178571
8 0.426339 0.866071 0.263393 0.241071
8 0.229911 0.627232 0.227679 0.209821
8 0.064732 0.500000 0.120536 0.214286
8 0.203125 0.912946 0.200893 0.174107
8 0.964286 0.122768 0.071429 0.183036
8 0.868304 0.024554 0.191964 0.040179
