7 0.477679 0.517857 0.562500 0.437500
8 0.738839 0.212054 0.183036 0.183036
8 0.859375 0.191964 0.174107 0.214286
8 0.899554 0.415179 0.200893 0.276786
8 0.859375 0.633929 0.156250 0.169643
8 0.745536 0.640625 0.151786 0.183036
8 0.687500 0.727679 0.232143 0.214286
8 0.957589 0.747768 0.084821 0.209821
8 0.955357 0.935268 0.089286 0.129464
8 0.799107 0.930804 0.214286 0.138393
8 0.591518 0.912946 0.209821 0.174107
8 0.383929 0.834821 0.250000 0.223214
8 0.281250 0.700893 0.250000 0.178571
8 0.209821 0.696429 0.241071 0.232143
8 0.082589 0.830357 0.156250 0.178571
8 0.058036 0.707589 0.107143 0.147321
8 0.089286 0.571429 0.169643 0.160714
8 0.183036 0.466518 0.196429 0.227679
8 0.064732 0.345982 0.120536 0.254464
8 0.140625 0.147321 0.200893 0.187500
8 0.553571 0.046875 0.205357 0.084821
8 0.774554 0.042411 0.218750 0.075893
