7 0.504464 0.508929 0.330357 0.410714
8 0.187500 0.156250 0.267857 0.214286
8 0.236607 0.281250 0.223214 0.160714
8 0.198661 0.410714 0.263393 0.205357
8 0.058036 0.274554 0.107143 0.245536
8 0.209821 0.859375 0.196429 0.191964
8 0.133929 0.734375 0.214286 0.218750
8 0.441964 0.895089 0.223214 0.209821
8 0.703125 0.921875 0.254464 0.156250
8 0.832589 0.716518 0.272321 0.272321
8 0.779018 0.495536 0.191964 0.187500
8 0.921875 0.468750 0.156250 0.241071
8 0.834821 0.234375 0.241071 0.218750
8 0.620536 0.245536 0.312500 0.232143
8 0.435268 0.171875 0.227679 0.254464
8 0.754464 0.100446 0.258929 0.191964
8 0.591518 0.064732 0.245536 0.120536
