7 0.479911 0.580357 0.406250 0.428571
8 0.743304 0.109375 0.263393 0.209821
8 0.904018 0.227679 0.191964 0.178571
8 0.886161 0.408482 0.227679 0.218750
8 0.783482 0.589286 0.200893 0.258929
8 0.935268 0.649554 0.129464 0.245536
8 0.845982 0.901786 0.236607 0.196429
8 0.662946 0.819196 0.245536 0.227679
8 0.314732 0.839286 0.245536 0.232143
8 0.495536 0.941964 0.223214 0.116071
8 0.082589 0.767857 0.156250 0.169643
8 0.078125 0.935268 0.147321 0.129464
8 0.066964 0.404018 0.125000 0.245536
8 0.303571 0.272321 0.232143 0.214286
8 0.513393 0.180804 0.232143 0.254464
8 0.232143 0.062500 0.276786 0.116071
