7 0.506696 0.486607 0.406250 0.437500
7 0.850446 0.611607 0.138393 0.133929
7 0.649554 0.743304 0.084821 0.066964
8 0.229911 0.241071 0.218750 0.232143
8 0.415179 0.158482 0.223214 0.183036
8 0.662946 0.113839 0.236607 0.218750
8 0.743304 0.254464 0.263393 0.241071
8 0.906250 0.455357 0.187500 0.214286
8 0.941964 0.256696 0.116071 0.218750
8 0.765625 0.738839 0.254464 0.174107
8 0.933036 0.774554 0.133929 0.254464
8 0.796875 0.908482 0.290179 0.183036
8 0.520089 0.928571 0.218750 0.142857
8 0.430804 0.774554 0.236607 0.209821
8 0.290179 0.915179 0.205357 0.169643
8 0.089286 0.901786 0.169643 0.196429
8 0.261161 0.600446 0.165179 0.218750
8 0.138393 0.470982 0.205357 0.183036
8 0.060268 0.267857 0.111607 0.214286
8 0.212054 0.058036 0.227679 0.107143
8 0.051339 0.082589 0.093750 0.156250
