7 0.459821 0.517857 0.366071 0.428571
8 0.145089 0.511161 0.218750 0.218750
8 0.133929 0.754464 0.178571 0.214286
8 0.437500 0.861607 0.223214 0.214286
8 0.256696 0.941964 0.209821 0.116071
8 0.640625 0.752232 0.236607 0.183036
8 0.816964 0.857143 0.223214 0.205357
8 0.799107 0.453125 0.223214 0.209821
8 0.857143 0.169643 0.223214 0.187500
8 0.319196 0.183036 0.209821 0.187500
8 0.125000 0.287946 0.196429 0.156250
8 0.459821 0.044643 0.205357 0.080357
8 0.102679 0.046875 0.196429 0.084821
8 0.750000 0.031250 0.178571 0.053571
8 0.866071 0.513393 0.205357 0.214286
8 0.205357 0.712054 0.187500 0.191964
8 0.140625 0.203125 0.191964 0.174107
