7 0.504464 0.520089 0.339286 0.406250
8 0.332589 0.252232 0.245536 0.254464
8 0.138393 0.343750 0.214286 0.223214
8 0.883929 0.091518 0.232143 0.174107
8 0.294643 0.046875 0.276786 0.084821
8 0.095982 0.698661 0.183036 0.200893
8 0.308036 0.725446 0.223214 0.183036
8 0.303571 0.877232 0.232143 0.174107
8 0.647321 0.881696 0.178571 0.209821
8 0.930804 0.790179 0.138393 0.232143
8 0.848214 0.944196 0.241071 0.111607
8 0.459821 0.924107 0.223214 0.151786
8 0.127232 0.941964 0.191964 0.116071
8 0.930804 0.390625 0.120536 0.138393
