7 0.497768 0.508929 0.397321 0.419643
7 0.832589 0.609375 0.084821 0.102679
7 0.468750 0.785714 0.107143 0.071429
7 0.468750 0.973214 0.080357 0.044643
8 0.207589 0.426339 0.174107 0.227679
8 0.332589 0.272321 0.209821 0.169643
8 0.799107 0.350446 0.241071 0.272321
8 0.727679 0.147321 0.267857 0.205357
8 0.303571 0.095982 0.241071 0.183036
8 0.104911 0.120536 0.200893 0.232143
8 0.064732 0.439732 0.120536 0.254464
8 0.319196 0.700893 0.236607 0.205357
8 0.725446 0.698661 0.227679 0.254464
8 0.812500 0.886161 0.223214 0.227679
8 0.270089 0.875000 0.254464 0.187500
8 0.091518 0.935268 0.174107 0.129464
8 0.955357 0.669643 0.089286 0.196429
8 0.966518 0.381696 0.066964 0.174107
8 0.595982 0.968750 0.147321 0.062500
8 0.975446 0.915179 0.049107 0.169643
8 0.033482 0.665179 0.058036 0.160714
