7 0.495536 0.502232 0.419643 0.397321
8 0.419643 0.118304 0.223214 0.218750
8 0.656250 0.236607 0.223214 0.312500
8 0.872768 0.225446 0.236607 0.254464
8 0.890625 0.107143 0.218750 0.196429
8 0.941964 0.433036 0.116071 0.187500
8 0.877232 0.618304 0.209821 0.218750
8 0.741071 0.723214 0.214286 0.223214
8 0.296875 0.674107 0.200893 0.214286
8 0.142857 0.694196 0.196429 0.183036
8 0.156250 0.500000 0.223214 0.178571
8 0.127232 0.388393 0.191964 0.169643
8 0.308036 0.924107 0.312500 0.151786
8 0.082589 0.919643 0.156250 0.160714
8 0.901786 0.955357 0.196429 0.089286
