7 0.397321 0.281250 0.125000 0.098214
7 0.754464 0.292411 0.178571 0.084821
7 0.962054 0.765625 0.075893 0.093750
7 0.042411 0.901786 0.075893 0.187500
7 0.493304 0.508929 0.397321 0.339286
8 0.852679 0.095982 0.214286 0.183036
8 0.897321 0.256696 0.196429 0.191964
8 0.866071 0.430804 0.196429 0.191964
8 0.781250 0.560268 0.178571 0.227679
8 0.205357 0.473214 0.187500 0.178571
8 0.131696 0.160714 0.209821 0.187500
8 0.281250 0.145089 0.205357 0.218750
8 0.066964 0.575893 0.125000 0.250000
8 0.216518 0.953125 0.183036 0.093750
8 0.937500 0.832589 0.125000 0.200893
8 0.812500 0.966518 0.160714 0.066964
