7 0.486607 0.627232 0.437500 0.370536
7 0.828125 0.959821 0.075893 0.071429
7 0.037946 0.743304 0.066964 0.075893
8 0.604911 0.258929 0.245536 0.223214
8 0.718750 0.448661 0.187500 0.227679
8 0.814732 0.660714 0.183036 0.250000
8 0.897321 0.363839 0.205357 0.236607
8 0.883929 0.129464 0.232143 0.250000
8 0.455357 0.098214 0.223214 0.187500
8 0.227679 0.060268 0.241071 0.111607
8 0.176339 0.281250 0.263393 0.232143
8 0.232143 0.486607 0.258929 0.214286
8 0.156250 0.656250 0.250000 0.205357
8 0.075893 0.897321 0.142857 0.205357
8 0.696429 0.948661 0.223214 0.102679
8 0.651786 0.821429 0.276786 0.151786
8 0.506696 0.883929 0.245536 0.169643
