7 0.473214 0.558036 0.491071 0.455357
8 0.515625 0.147321 0.236607 0.258929
8 0.720982 0.232143 0.209821 0.241071
8 0.888393 0.111607 0.214286 0.196429
8 0.825893 0.448661 0.169643 0.299107
8 0.910714 0.515625 0.178571 0.263393
8 0.839286 0.825893 0.169643 0.276786
8 0.921875 0.801339 0.156250 0.263393
8 0.564732 0.863839 0.272321 0.254464
8 0.361607 0.928571 0.214286 0.142857
8 0.232143 0.720982 0.258929 0.236607
8 0.111607 0.886161 0.214286 0.227679
8 0.140625 0.294643 0.200893 0.267857
8 0.270089 0.122768 0.254464 0.236607
8 0.685268 0.051339 0.227679 0.093750
8 0.044643 0.111607 0.080357 0.214286
8 0.718750 0.959821 0.196429 0.080357
