7 0.497768 0.517857 0.361607 0.383929
8 0.468750 0.156250 0.232143 0.232143
8 0.779018 0.223214 0.254464 0.232143
8 0.843750 0.426339 0.205357 0.200893
8 0.901786 0.642857 0.196429 0.241071
8 0.736607 0.792411 0.187500 0.218750
8 0.926339 0.897321 0.147321 0.205357
8 0.544643 0.834821 0.169643 0.223214
8 0.323661 0.750000 0.272321 0.232143
8 0.225446 0.526786 0.245536 0.232143
8 0.075893 0.395089 0.142857 0.209821
8 0.209821 0.120536 0.223214 0.196429
8 0.129464 0.868304 0.250000 0.209821
8 0.071429 0.729911 0.133929 0.183036
8 0.404018 0.953125 0.236607 0.093750
