7 0.491071 0.491071 0.428571 0.392857
8 0.558036 0.131696 0.285714 0.254464
8 0.767857 0.078125 0.294643 0.147321
8 0.879464 0.372768 0.223214 0.236607
8 0.825893 0.598214 0.196429 0.232143
8 0.770089 0.705357 0.245536 0.276786
8 0.919643 0.810268 0.160714 0.254464
8 0.787946 0.946429 0.227679 0.107143
8 0.549107 0.930804 0.232143 0.138393
8 0.310268 0.953125 0.227679 0.093750
8 0.104911 0.928571 0.200893 0.142857
8 0.292411 0.779018 0.281250 0.245536
8 0.102679 0.667411 0.196429 0.245536
8 0.131696 0.542411 0.245536 0.245536
8 0.073661 0.274554 0.138393 0.227679
8 0.109375 0.082589 0.209821 0.156250
8 0.294643 0.078125 0.285714 0.147321
8 0.966518 0.089286 0.066964 0.169643
