7 0.495536 0.502232 0.437500 0.406250
8 0.787946 0.232143 0.209821 0.250000
8 0.584821 0.160714 0.214286 0.187500
8 0.348214 0.214286 0.276786 0.241071
8 0.093750 0.151786 0.178571 0.214286
8 0.167411 0.477679 0.227679 0.258929
8 0.274554 0.729911 0.227679 0.209821
8 0.495536 0.823661 0.241071 0.245536
8 0.720982 0.825893 0.183036 0.267857
8 0.875000 0.616071 0.241071 0.241071
8 0.917411 0.825893 0.165179 0.232143
8 0.225446 0.915179 0.227679 0.169643
8 0.944196 0.167411 0.111607 0.227679
8 0.727679 0.046875 0.276786 0.084821
8 0.281250 0.042411 0.250000 0.075893
