7 0.513393 0.522321 0.437500 0.455357
8 0.212054 0.395089 0.191964 0.209821
8 0.225446 0.245536 0.218750 0.196429
8 0.620536 0.109375 0.250000 0.200893
8 0.745536 0.098214 0.241071 0.169643
8 0.767857 0.339286 0.205357 0.196429
8 0.852679 0.332589 0.169643 0.200893
8 0.948661 0.212054 0.102679 0.236607
8 0.933036 0.482143 0.133929 0.178571
8 0.861607 0.656250 0.250000 0.205357
8 0.729911 0.705357 0.272321 0.214286
8 0.540179 0.832589 0.250000 0.218750
8 0.321429 0.770089 0.223214 0.227679
8 0.140625 0.875000 0.245536 0.196429
8 0.109375 0.604911 0.209821 0.227679
8 0.080357 0.104911 0.151786 0.200893
8 0.245536 0.055804 0.232143 0.102679
8 0.854911 0.888393 0.227679 0.178571
