7 0.497768 0.488839 0.343750 0.406250
8 0.529018 0.120536 0.254464 0.205357
8 0.620536 0.194196 0.214286 0.191964
8 0.763393 0.319196 0.223214 0.236607
8 0.901786 0.178571 0.196429 0.241071
8 0.933036 0.392857 0.133929 0.250000
8 0.944196 0.707589 0.111607 0.209821
8 0.912946 0.908482 0.174107 0.183036
8 0.359375 0.783482 0.272321 0.218750
8 0.116071 0.796875 0.223214 0.227679
8 0.176339 0.944196 0.227679 0.111607
8 0.196429 0.515625 0.223214 0.209821
8 0.216518 0.401786 0.227679 0.187500
8 0.080357 0.290179 0.151786 0.258929
8 0.187500 0.062500 0.187500 0.116071
8 0.314732 0.062500 0.174107 0.116071
8 0.696429 0.029018 0.205357 0.049107
