7 0.500000 0.506696 0.375000 0.424107
8 0.406250 0.149554 0.250000 0.290179
8 0.792411 0.350446 0.263393 0.254464
8 0.767857 0.665179 0.250000 0.267857
8 0.522321 0.761161 0.303571 0.138393
8 0.669643 0.910714 0.241071 0.178571
8 0.917411 0.899554 0.165179 0.200893
8 0.310268 0.881696 0.281250 0.236607
8 0.254464 0.633929 0.205357 0.196429
8 0.169643 0.500000 0.303571 0.250000
8 0.116071 0.243304 0.214286 0.218750
8 0.915179 0.171875 0.160714 0.156250
8 0.944196 0.031250 0.111607 0.053571
8 0.950893 0.667411 0.098214 0.227679
