7 0.511161 0.500000 0.468750 0.482143
8 0.241071 0.283482 0.214286 0.218750
8 0.328125 0.200893 0.227679 0.196429
8 0.399554 0.078125 0.290179 0.147321
8 0.136161 0.069196 0.236607 0.129464
8 0.640625 0.232143 0.218750 0.187500
8 0.852679 0.218750 0.258929 0.232143
8 0.745536 0.111607 0.232143 0.187500
8 0.890625 0.540179 0.191964 0.232143
8 0.796875 0.593750 0.209821 0.232143
8 0.930804 0.062500 0.138393 0.116071
8 0.957589 0.243304 0.084821 0.218750
8 0.964286 0.553571 0.071429 0.232143
8 0.904018 0.761161 0.191964 0.156250
8 0.698661 0.808036 0.191964 0.250000
8 0.546875 0.779018 0.209821 0.129464
8 0.511161 0.872768 0.263393 0.129464
8 0.522321 0.966518 0.250000 0.066964
8 0.812500 0.908482 0.223214 0.183036
8 0.330357 0.926339 0.223214 0.147321
8 0.125000 0.895089 0.241071 0.183036
8 0.256696 0.767857 0.227679 0.223214
8 0.214286 0.647321 0.223214 0.223214
8 0.225446 0.482143 0.174107 0.178571
8 0.089286 0.531250 0.169643 0.196429
8 0.058036 0.723214 0.107143 0.205357
8 0.071429 0.261161 0.133929 0.281250
