7 0.412946 0.305804 0.120536 0.075893
7 0.488839 0.546875 0.468750 0.441964
8 0.227679 0.100446 0.187500 0.147321
8 0.354911 0.095982 0.174107 0.165179
8 0.542411 0.136161 0.183036 0.183036
8 0.678571 0.138393 0.187500 0.160714
8 0.598214 0.042411 0.258929 0.075893
8 0.899554 0.303571 0.200893 0.223214
8 0.796875 0.424107 0.191964 0.187500
8 0.787946 0.593750 0.209821 0.196429
8 0.935268 0.517857 0.129464 0.232143
8 0.950893 0.093750 0.098214 0.178571
8 0.948661 0.727679 0.102679 0.196429
8 0.857143 0.915179 0.223214 0.169643
8 0.660714 0.834821 0.250000 0.205357
8 0.426339 0.845982 0.263393 0.191964
8 0.241071 0.924107 0.223214 0.151786
8 0.131696 0.754464 0.254464 0.223214
8 0.058036 0.529018 0.107143 0.254464
8 0.683036 0.959821 0.196429 0.080357
