7 0.500000 0.504464 0.428571 0.437500
8 0.283482 0.258929 0.227679 0.169643
8 0.522321 0.200893 0.223214 0.151786
8 0.832589 0.122768 0.254464 0.236607
8 0.953125 0.245536 0.093750 0.187500
8 0.406250 0.055804 0.258929 0.102679
8 0.129464 0.100446 0.214286 0.191964
8 0.140625 0.401786 0.227679 0.205357
8 0.301339 0.705357 0.254464 0.223214
8 0.214286 0.852679 0.223214 0.214286
8 0.540179 0.857143 0.258929 0.223214
8 0.750000 0.725446 0.223214 0.254464
8 0.877232 0.575893 0.209821 0.232143
8 0.919643 0.919643 0.160714 0.160714
8 0.046875 0.696429 0.084821 0.205357
