7 0.475446 0.330357 0.388393 0.303571
7 0.511161 0.674107 0.504464 0.383929
8 0.169643 0.343750 0.232143 0.241071
8 0.189732 0.642857 0.227679 0.214286
8 0.276786 0.854911 0.276786 0.209821
8 0.133929 0.948661 0.258929 0.102679
8 0.691964 0.897321 0.267857 0.205357
8 0.841518 0.875000 0.254464 0.250000
8 0.886161 0.553571 0.227679 0.241071
8 0.928571 0.339286 0.142857 0.241071
8 0.669643 0.075893 0.312500 0.142857
8 0.350446 0.113839 0.227679 0.218750
8 0.165179 0.098214 0.178571 0.187500
8 0.848214 0.209821 0.196429 0.187500
8 0.973214 0.783482 0.053571 0.218750
8 0.037946 0.564732 0.066964 0.209821
8 0.033482 0.071429 0.058036 0.133929
