1 0.491071 0.533482 0.446429 0.424107
1 0.805804 0.296875 0.102679 0.084821
8 0.180804 0.321429 0.209821 0.214286
8 0.156250 0.564732 0.223214 0.227679
8 0.191964 0.814732 0.223214 0.218750
8 0.437500 0.886161 0.250000 0.227679
8 0.725446 0.935268 0.218750 0.129464
8 0.926339 0.796875 0.147321 0.254464
8 0.825893 0.622768 0.223214 0.245536
8 0.888393 0.406250 0.223214 0.232143
8 0.962054 0.075893 0.075893 0.142857
8 0.281250 0.078125 0.232143 0.147321
8 0.089286 0.102679 0.169643 0.196429
8 0.033482 0.908482 0.058036 0.183036
