1 0.504464 0.506696 0.410714 0.397321
8 0.220982 0.187500 0.191964 0.232143
8 0.082589 0.290179 0.156250 0.241071
8 0.156250 0.470982 0.258929 0.218750
8 0.116071 0.680804 0.223214 0.200893
8 0.332589 0.772321 0.263393 0.223214
8 0.129464 0.906250 0.250000 0.187500
8 0.386161 0.941964 0.290179 0.116071
8 0.752232 0.930804 0.218750 0.138393
8 0.937500 0.301339 0.125000 0.236607
8 0.816964 0.107143 0.241071 0.205357
8 0.723214 0.044643 0.276786 0.080357
8 0.627232 0.191964 0.227679 0.205357
8 0.417411 0.185268 0.191964 0.183036
8 0.383929 0.078125 0.214286 0.147321
