1 0.508929 0.500000 0.437500 0.428571
8 0.412946 0.095982 0.218750 0.183036
8 0.250000 0.247768 0.214286 0.245536
8 0.075893 0.151786 0.142857 0.205357
8 0.098214 0.075893 0.187500 0.142857
8 0.792411 0.370536 0.209821 0.214286
8 0.816964 0.276786 0.187500 0.196429
8 0.946429 0.162946 0.107143 0.191964
8 0.937500 0.520089 0.125000 0.227679
8 0.910714 0.022321 0.178571 0.035714
8 0.441964 0.825893 0.223214 0.196429
8 0.571429 0.854911 0.187500 0.263393
8 0.852679 0.948661 0.258929 0.102679
8 0.127232 0.832589 0.245536 0.218750
8 0.084821 0.691964 0.160714 0.187500
