1 0.491071 0.502232 0.410714 0.370536
8 0.316964 0.245536 0.276786 0.178571
8 0.750000 0.319196 0.223214 0.200893
8 0.810268 0.587054 0.236607 0.236607
8 0.796875 0.839286 0.227679 0.232143
8 0.973214 0.633929 0.053571 0.205357
8 0.566964 0.825893 0.267857 0.232143
8 0.392857 0.933036 0.241071 0.133929
8 0.290179 0.754464 0.258929 0.250000
8 0.082589 0.671875 0.156250 0.191964
8 0.216518 0.511161 0.191964 0.245536
8 0.060268 0.477679 0.111607 0.232143
8 0.058036 0.247768 0.107143 0.227679
8 0.171875 0.102679 0.200893 0.196429
8 0.408482 0.073661 0.227679 0.138393
