1 0.520089 0.526786 0.370536 0.375000
1 0.881696 0.955357 0.075893 0.089286
8 0.133929 0.466518 0.178571 0.209821
8 0.040179 0.218750 0.071429 0.223214
8 0.049107 0.636161 0.089286 0.218750
8 0.203125 0.656250 0.200893 0.205357
8 0.529018 0.872768 0.254464 0.245536
8 0.316964 0.209821 0.214286 0.196429
8 0.482143 0.243304 0.178571 0.156250
8 0.584821 0.122768 0.187500 0.183036
8 0.785714 0.178571 0.258929 0.250000
8 0.917411 0.823661 0.165179 0.227679
8 0.752232 0.937500 0.174107 0.125000
8 0.209821 0.071429 0.223214 0.133929
