1 0.491071 0.488839 0.455357 0.486607
1 0.142857 0.803571 0.116071 0.089286
8 0.129464 0.238839 0.223214 0.245536
8 0.053571 0.232143 0.098214 0.205357
8 0.243304 0.089286 0.200893 0.169643
8 0.354911 0.129464 0.218750 0.205357
8 0.578125 0.160714 0.227679 0.241071
8 0.808036 0.234375 0.232143 0.227679
8 0.821429 0.484375 0.187500 0.191964
8 0.848214 0.685268 0.214286 0.183036
8 0.946429 0.656250 0.107143 0.196429
8 0.917411 0.877232 0.165179 0.200893
8 0.647321 0.765625 0.241071 0.236607
8 0.611607 0.946429 0.258929 0.107143
8 0.468750 0.930804 0.187500 0.138393
8 0.276786 0.895089 0.205357 0.209821
8 0.406250 0.756696 0.250000 0.191964
8 0.194196 0.645089 0.209821 0.200893
8 0.127232 0.535714 0.191964 0.196429
8 0.223214 0.408482 0.223214 0.200893
8 0.087054 0.904018 0.165179 0.191964
8 0.962054 0.178571 0.075893 0.205357
