1 0.504464 0.560268 0.383929 0.379464
8 0.486607 0.250000 0.303571 0.232143
8 0.767857 0.312500 0.258929 0.241071
8 0.948661 0.357143 0.102679 0.223214
8 0.928571 0.607143 0.142857 0.250000
8 0.919643 0.919643 0.160714 0.160714
8 0.486607 0.915179 0.267857 0.169643
8 0.245536 0.946429 0.232143 0.107143
8 0.071429 0.908482 0.133929 0.183036
8 0.171875 0.627232 0.236607 0.236607
8 0.245536 0.482143 0.223214 0.205357
8 0.138393 0.290179 0.267857 0.214286
8 0.109375 0.078125 0.209821 0.147321
8 0.348214 0.031250 0.205357 0.053571
8 0.595982 0.071429 0.272321 0.133929
8 0.886161 0.058036 0.227679 0.107143
