1 0.500000 0.475446 0.428571 0.379464
8 0.256696 0.285714 0.209821 0.196429
8 0.095982 0.406250 0.183036 0.205357
8 0.220982 0.553571 0.200893 0.232143
8 0.071429 0.593750 0.133929 0.205357
8 0.212054 0.745536 0.191964 0.187500
8 0.073661 0.819196 0.138393 0.218750
8 0.176339 0.935268 0.209821 0.129464
8 0.046875 0.957589 0.084821 0.084821
8 0.412946 0.799107 0.209821 0.241071
8 0.616071 0.758929 0.223214 0.196429
8 0.745536 0.897321 0.223214 0.205357
8 0.935268 0.843750 0.129464 0.205357
8 0.805804 0.678571 0.200893 0.223214
8 0.808036 0.493304 0.169643 0.227679
8 0.941964 0.529018 0.116071 0.209821
8 0.970982 0.283482 0.058036 0.200893
8 0.959821 0.633929 0.080357 0.196429
8 0.937500 0.145089 0.125000 0.227679
8 0.783482 0.234375 0.218750 0.209821
8 0.738839 0.183036 0.209821 0.205357
8 0.591518 0.089286 0.209821 0.169643
8 0.203125 0.089286 0.209821 0.169643
8 0.060268 0.026786 0.111607 0.044643
8 0.042411 0.180804 0.075893 0.218750
