1 0.475446 0.493304 0.459821 0.441964
8 0.102679 0.203125 0.196429 0.174107
8 0.392857 0.138393 0.223214 0.241071
8 0.084821 0.408482 0.160714 0.236607
8 0.191964 0.531250 0.205357 0.294643
8 0.305804 0.727679 0.245536 0.214286
8 0.421875 0.879464 0.254464 0.232143
8 0.147321 0.941964 0.232143 0.116071
8 0.662946 0.752232 0.200893 0.200893
8 0.776786 0.763393 0.205357 0.169643
8 0.852679 0.640625 0.223214 0.245536
8 0.928571 0.435268 0.142857 0.245536
8 0.917411 0.158482 0.165179 0.245536
8 0.089286 0.049107 0.169643 0.089286
