1 0.491071 0.511161 0.500000 0.468750
1 0.953125 0.805804 0.084821 0.120536
8 0.285714 0.169643 0.241071 0.250000
8 0.073661 0.160714 0.138393 0.250000
8 0.102679 0.397321 0.196429 0.178571
8 0.205357 0.453125 0.187500 0.245536
8 0.087054 0.616071 0.165179 0.214286
8 0.292411 0.808036 0.272321 0.223214
8 0.145089 0.966518 0.218750 0.066964
8 0.555804 0.892857 0.227679 0.214286
8 0.729911 0.707589 0.263393 0.245536
8 0.832589 0.883929 0.245536 0.232143
8 0.957589 0.397321 0.084821 0.250000
8 0.830357 0.370536 0.232143 0.223214
8 0.772321 0.154018 0.232143 0.218750
8 0.917411 0.125000 0.165179 0.241071
8 0.689732 0.046875 0.236607 0.084821
8 0.448661 0.069196 0.254464 0.129464
