1 0.504464 0.517857 0.383929 0.375000
8 0.263393 0.279018 0.223214 0.218750
8 0.752232 0.283482 0.236607 0.236607
8 0.875000 0.504464 0.214286 0.205357
8 0.928571 0.707589 0.142857 0.218750
8 0.720982 0.712054 0.263393 0.209821
8 0.482143 0.814732 0.241071 0.191964
8 0.685268 0.908482 0.227679 0.183036
8 0.466518 0.957589 0.200893 0.084821
8 0.299107 0.872768 0.169643 0.236607
8 0.142857 0.805804 0.196429 0.263393
8 0.062500 0.671875 0.116071 0.200893
8 0.053571 0.455357 0.098214 0.232143
8 0.075893 0.107143 0.142857 0.205357
8 0.484375 0.040179 0.218750 0.071429
8 0.691964 0.062500 0.241071 0.116071
