1 0.564732 0.497768 0.486607 0.424107
1 0.783482 0.133929 0.138393 0.178571
1 0.212054 0.330357 0.066964 0.062500
8 0.500000 0.133929 0.205357 0.258929
8 0.363839 0.064732 0.200893 0.120536
8 0.888393 0.216518 0.223214 0.254464
8 0.888393 0.462054 0.205357 0.209821
8 0.957589 0.683036 0.084821 0.232143
8 0.899554 0.035714 0.183036 0.062500
8 0.714286 0.770089 0.267857 0.191964
8 0.899554 0.868304 0.200893 0.209821
8 0.473214 0.850446 0.223214 0.200893
8 0.178571 0.770089 0.267857 0.218750
8 0.258929 0.946429 0.214286 0.107143
8 0.084821 0.928571 0.160714 0.142857
8 0.058036 0.537946 0.107143 0.191964
8 0.220982 0.475446 0.200893 0.209821
8 0.035714 0.169643 0.062500 0.196429
