1 0.477679 0.513393 0.473214 0.473214
8 0.357143 0.154018 0.214286 0.218750
8 0.142857 0.109375 0.214286 0.209821
8 0.209821 0.328125 0.196429 0.218750
8 0.167411 0.589286 0.174107 0.205357
8 0.075893 0.573661 0.142857 0.200893
8 0.060268 0.783482 0.111607 0.183036
8 0.073661 0.941964 0.138393 0.116071
8 0.196429 0.848214 0.214286 0.223214
8 0.330357 0.756696 0.196429 0.200893
8 0.517857 0.805804 0.223214 0.191964
8 0.618304 0.935268 0.200893 0.129464
8 0.287946 0.968750 0.191964 0.062500
8 0.754464 0.750000 0.214286 0.241071
8 0.872768 0.321429 0.218750 0.205357
8 0.758929 0.270089 0.241071 0.191964
8 0.671875 0.118304 0.200893 0.227679
8 0.915179 0.026786 0.169643 0.044643
