1 0.468750 0.482143 0.348214 0.357143
8 0.551339 0.212054 0.183036 0.191964
8 0.754464 0.131696 0.196429 0.245536
8 0.899554 0.370536 0.200893 0.232143
8 0.935268 0.142857 0.129464 0.258929
8 0.350446 0.176339 0.218750 0.218750
8 0.212054 0.334821 0.236607 0.187500
8 0.109375 0.174107 0.209821 0.196429
8 0.064732 0.430804 0.120536 0.209821
8 0.287946 0.732143 0.209821 0.223214
8 0.508929 0.803571 0.241071 0.196429
8 0.741071 0.834821 0.214286 0.223214
8 0.852679 0.638393 0.196429 0.187500
8 0.774554 0.535714 0.174107 0.223214
8 0.930804 0.837054 0.138393 0.209821
8 0.522321 0.957589 0.232143 0.084821
8 0.270089 0.928571 0.227679 0.142857
8 0.049107 0.037946 0.089286 0.066964
