1 0.508929 0.502232 0.419643 0.433036
8 0.319196 0.082589 0.191964 0.156250
8 0.401786 0.241071 0.267857 0.160714
8 0.897321 0.154018 0.205357 0.200893
8 0.921875 0.363839 0.156250 0.236607
8 0.959821 0.627232 0.080357 0.209821
8 0.816964 0.678571 0.205357 0.250000
8 0.604911 0.816964 0.236607 0.196429
8 0.368304 0.823661 0.227679 0.209821
8 0.203125 0.727679 0.227679 0.214286
8 0.095982 0.261161 0.183036 0.218750
8 0.111607 0.064732 0.214286 0.120536
8 0.526786 0.053571 0.214286 0.098214
8 0.397321 0.977679 0.205357 0.044643
8 0.647321 0.975446 0.133929 0.049107
8 0.917411 0.973214 0.165179 0.053571
