1 0.497768 0.500000 0.370536 0.428571
1 0.660714 0.042411 0.142857 0.075893
8 0.325893 0.194196 0.250000 0.218750
8 0.116071 0.283482 0.223214 0.308036
8 0.142857 0.540179 0.250000 0.214286
8 0.031250 0.678571 0.053571 0.214286
8 0.294643 0.745536 0.232143 0.232143
8 0.178571 0.901786 0.232143 0.196429
8 0.426339 0.906250 0.263393 0.187500
8 0.709821 0.756696 0.241071 0.272321
8 0.904018 0.649554 0.191964 0.245536
8 0.839286 0.448661 0.214286 0.209821
8 0.964286 0.372768 0.071429 0.209821
8 0.761161 0.171875 0.245536 0.236607
8 0.904018 0.049107 0.191964 0.089286
8 0.399554 0.060268 0.236607 0.111607
