1 0.484375 0.500000 0.424107 0.455357
1 0.904018 0.852679 0.165179 0.151786
1 0.955357 0.205357 0.089286 0.071429
8 0.850446 0.279018 0.200893 0.218750
8 0.694196 0.156250 0.245536 0.250000
8 0.482143 0.060268 0.223214 0.111607
8 0.140625 0.044643 0.236607 0.080357
8 0.087054 0.198661 0.165179 0.200893
8 0.176339 0.256696 0.209821 0.174107
8 0.216518 0.381696 0.191964 0.209821
8 0.189732 0.636161 0.263393 0.227679
8 0.158482 0.937500 0.263393 0.125000
8 0.098214 0.861607 0.187500 0.232143
8 0.435268 0.841518 0.263393 0.236607
8 0.716518 0.758929 0.236607 0.250000
8 0.834821 0.595982 0.214286 0.254464
8 0.899554 0.062500 0.200893 0.116071
8 0.732143 0.962054 0.196429 0.075893
