1 0.488839 0.504464 0.477679 0.482143
1 0.433036 0.948661 0.080357 0.075893
1 0.649554 0.691964 0.058036 0.062500
1 0.973214 0.301339 0.053571 0.066964
8 0.189732 0.390625 0.209821 0.227679
8 0.066964 0.258929 0.125000 0.187500
8 0.066964 0.093750 0.125000 0.178571
8 0.274554 0.051339 0.218750 0.093750
8 0.419643 0.165179 0.232143 0.196429
8 0.792411 0.118304 0.236607 0.209821
8 0.825893 0.348214 0.232143 0.258929
8 0.839286 0.504464 0.205357 0.187500
8 0.970982 0.464286 0.058036 0.223214
8 0.933036 0.062500 0.133929 0.116071
8 0.743304 0.743304 0.236607 0.227679
8 0.915179 0.863839 0.169643 0.218750
8 0.683036 0.926339 0.232143 0.147321
8 0.477679 0.886161 0.214286 0.183036
8 0.330357 0.754464 0.241071 0.169643
8 0.151786 0.698661 0.232143 0.218750
8 0.093750 0.638393 0.178571 0.223214
8 0.107143 0.899554 0.205357 0.174107
8 0.258929 0.930804 0.196429 0.138393
8 0.687500 0.926339 0.214286 0.147321
