1 0.495536 0.495536 0.383929 0.410714
8 0.250000 0.087054 0.232143 0.165179
8 0.075893 0.180804 0.142857 0.218750
8 0.102679 0.421875 0.196429 0.236607
8 0.180804 0.609375 0.174107 0.200893
8 0.037946 0.658482 0.066964 0.183036
8 0.091518 0.875000 0.174107 0.232143
8 0.243304 0.973214 0.138393 0.053571
8 0.477679 0.881696 0.214286 0.218750
8 0.866071 0.888393 0.250000 0.223214
8 0.767857 0.687500 0.250000 0.232143
8 0.801339 0.439732 0.191964 0.218750
8 0.953125 0.415179 0.093750 0.258929
8 0.970982 0.189732 0.058036 0.200893
8 0.859375 0.095982 0.183036 0.183036
8 0.707589 0.272321 0.183036 0.223214
8 0.513393 0.147321 0.241071 0.241071
