1 0.488839 0.511161 0.433036 0.433036
8 0.912946 0.252232 0.174107 0.200893
8 0.919643 0.448661 0.160714 0.227679
8 0.758929 0.437500 0.187500 0.214286
8 0.857143 0.598214 0.205357 0.196429
8 0.727679 0.732143 0.303571 0.187500
8 0.714286 0.890625 0.285714 0.191964
8 0.825893 0.970982 0.232143 0.058036
8 0.399554 0.930804 0.299107 0.138393
8 0.216518 0.886161 0.245536 0.165179
8 0.381696 0.767857 0.272321 0.178571
8 0.154018 0.718750 0.272321 0.196429
8 0.223214 0.560268 0.276786 0.245536
8 0.276786 0.323661 0.214286 0.191964
8 0.140625 0.250000 0.272321 0.223214
8 0.372768 0.160714 0.245536 0.205357
8 0.569196 0.104911 0.263393 0.200893
8 0.354911 0.062500 0.245536 0.116071
8 0.140625 0.073661 0.227679 0.138393
8 0.069196 0.935268 0.129464 0.129464
