1 0.504464 0.526786 0.383929 0.410714
8 0.866071 0.200893 0.250000 0.232143
8 0.799107 0.428571 0.205357 0.223214
8 0.825893 0.859375 0.196429 0.209821
8 0.633929 0.799107 0.187500 0.232143
8 0.571429 0.955357 0.178571 0.089286
8 0.404018 0.792411 0.227679 0.209821
8 0.142857 0.941964 0.258929 0.116071
8 0.069196 0.725446 0.129464 0.227679
8 0.227679 0.636161 0.196429 0.200893
8 0.209821 0.459821 0.250000 0.214286
8 0.296875 0.287946 0.254464 0.191964
8 0.515625 0.187500 0.218750 0.232143
8 0.687500 0.084821 0.178571 0.160714
8 0.319196 0.089286 0.245536 0.169643
8 0.941964 0.069196 0.116071 0.129464
8 0.950893 0.508929 0.098214 0.232143
