1 0.508929 0.504464 0.383929 0.428571
8 0.158482 0.377232 0.227679 0.245536
8 0.107143 0.566964 0.205357 0.178571
8 0.236607 0.747768 0.250000 0.254464
8 0.446429 0.756696 0.223214 0.191964
8 0.569196 0.848214 0.236607 0.214286
8 0.854911 0.533482 0.254464 0.290179
8 0.879464 0.178571 0.214286 0.250000
8 0.939732 0.044643 0.120536 0.080357
8 0.703125 0.069196 0.218750 0.129464
8 0.428571 0.129464 0.276786 0.232143
8 0.886161 0.917411 0.218750 0.165179
8 0.109375 0.957589 0.209821 0.084821
8 0.046875 0.787946 0.084821 0.236607
8 0.062500 0.256696 0.116071 0.218750
8 0.064732 0.037946 0.120536 0.066964
