1 0.500000 0.508929 0.392857 0.437500
1 0.495536 0.075893 0.125000 0.089286
8 0.359375 0.165179 0.263393 0.196429
8 0.607143 0.189732 0.258929 0.209821
8 0.832589 0.332589 0.236607 0.236607
8 0.906250 0.558036 0.187500 0.232143
8 0.897321 0.787946 0.205357 0.245536
8 0.676339 0.758929 0.236607 0.232143
8 0.446429 0.816964 0.250000 0.214286
8 0.620536 0.935268 0.232143 0.129464
8 0.928571 0.962054 0.142857 0.075893
8 0.370536 0.964286 0.232143 0.071429
8 0.133929 0.941964 0.258929 0.116071
8 0.080357 0.772321 0.151786 0.250000
8 0.263393 0.685268 0.187500 0.236607
8 0.046875 0.580357 0.084821 0.205357
8 0.151786 0.424107 0.232143 0.214286
8 0.042411 0.189732 0.075893 0.218750
8 0.381696 0.024554 0.200893 0.040179
8 0.785714 0.078125 0.196429 0.147321
8 0.948661 0.046875 0.102679 0.084821
