1 0.500000 0.497768 0.500000 0.433036
8 0.149554 0.261161 0.254464 0.218750
8 0.412946 0.176339 0.290179 0.236607
8 0.689732 0.220982 0.290179 0.254464
8 0.859375 0.100446 0.236607 0.191964
8 0.589286 0.069196 0.285714 0.129464
8 0.830357 0.551339 0.241071 0.236607
8 0.912946 0.636161 0.174107 0.209821
8 0.968750 0.361607 0.062500 0.214286
8 0.714286 0.779018 0.223214 0.245536
8 0.392857 0.863839 0.303571 0.272321
8 0.542411 0.933036 0.227679 0.133929
8 0.756696 0.944196 0.263393 0.111607
8 0.946429 0.935268 0.107143 0.129464
8 0.238839 0.796875 0.245536 0.200893
8 0.125000 0.837054 0.223214 0.218750
8 0.118304 0.571429 0.227679 0.250000
8 0.069196 0.066964 0.129464 0.125000
