1 0.459821 0.544643 0.455357 0.410714
1 0.767857 0.145089 0.464286 0.281250
8 0.250000 0.176339 0.223214 0.218750
8 0.513393 0.241071 0.241071 0.205357
8 0.834821 0.392857 0.205357 0.250000
8 0.758929 0.674107 0.250000 0.223214
8 0.895089 0.823661 0.209821 0.227679
8 0.486607 0.883929 0.214286 0.232143
8 0.305804 0.821429 0.200893 0.196429
8 0.171875 0.604911 0.183036 0.209821
8 0.082589 0.459821 0.156250 0.214286
8 0.062500 0.165179 0.116071 0.250000
8 0.292411 0.049107 0.209821 0.089286
8 0.497768 0.044643 0.147321 0.080357
8 0.966518 0.345982 0.066964 0.183036
8 0.042411 0.935268 0.075893 0.129464
