1 0.488839 0.468750 0.379464 0.375000
1 0.808036 0.656250 0.080357 0.098214
8 0.218750 0.345982 0.232143 0.218750
8 0.071429 0.191964 0.133929 0.223214
8 0.171875 0.129464 0.254464 0.205357
8 0.484375 0.095982 0.245536 0.183036
8 0.671875 0.227679 0.218750 0.214286
8 0.883929 0.142857 0.232143 0.258929
8 0.859375 0.395089 0.227679 0.236607
8 0.723214 0.580357 0.196429 0.214286
8 0.573661 0.750000 0.236607 0.241071
8 0.698661 0.899554 0.200893 0.191964
8 0.787946 0.941964 0.183036 0.116071
8 0.830357 0.767857 0.196429 0.169643
8 0.941964 0.933036 0.116071 0.133929
8 0.964286 0.734375 0.071429 0.183036
8 0.962054 0.535714 0.075893 0.187500
8 0.359375 0.720982 0.183036 0.236607
8 0.174107 0.761161 0.205357 0.218750
8 0.078125 0.912946 0.147321 0.174107
8 0.357143 0.926339 0.205357 0.147321
8 0.209821 0.555804 0.205357 0.218750
8 0.071429 0.419643 0.133929 0.196429
