1 0.515625 0.491071 0.406250 0.410714
1 0.325893 0.031250 0.071429 0.053571
1 0.292411 0.694196 0.093750 0.058036
8 0.209821 0.169643 0.187500 0.214286
8 0.410714 0.178571 0.178571 0.178571
8 0.877232 0.265625 0.245536 0.236607
8 0.912946 0.580357 0.174107 0.214286
8 0.908482 0.912946 0.183036 0.174107
8 0.703125 0.892857 0.245536 0.214286
8 0.433036 0.787946 0.241071 0.209821
8 0.339286 0.933036 0.223214 0.133929
8 0.129464 0.933036 0.196429 0.133929
8 0.205357 0.575893 0.178571 0.214286
8 0.165179 0.462054 0.232143 0.200893
8 0.069196 0.676339 0.129464 0.227679
8 0.053571 0.191964 0.098214 0.223214
8 0.154018 0.024554 0.200893 0.040179
8 0.560268 0.982143 0.120536 0.035714
8 0.767857 0.017857 0.160714 0.026786
8 0.973214 0.111607 0.053571 0.169643
8 0.457589 0.100446 0.156250 0.191964
