1 0.486607 0.533482 0.464286 0.397321
1 0.506696 0.040179 0.111607 0.071429
8 0.296875 0.301339 0.209821 0.200893
8 0.207589 0.517857 0.227679 0.214286
8 0.075893 0.408482 0.142857 0.209821
8 0.100446 0.160714 0.191964 0.205357
8 0.279018 0.060268 0.245536 0.111607
8 0.745536 0.140625 0.223214 0.200893
8 0.870536 0.386161 0.250000 0.254464
8 0.921875 0.116071 0.156250 0.214286
8 0.540179 0.830357 0.232143 0.187500
8 0.187500 0.837054 0.241071 0.227679
8 0.071429 0.651786 0.133929 0.178571
8 0.520089 0.968750 0.209821 0.062500
8 0.727679 0.906250 0.205357 0.187500
