1 0.500000 0.504464 0.428571 0.473214
8 0.658482 0.138393 0.209821 0.223214
8 0.886161 0.162946 0.209821 0.183036
8 0.848214 0.379464 0.205357 0.205357
8 0.850446 0.613839 0.236607 0.218750
8 0.895089 0.828125 0.209821 0.209821
8 0.667411 0.763393 0.209821 0.133929
8 0.685268 0.917411 0.245536 0.165179
8 0.433036 0.959821 0.214286 0.080357
8 0.372768 0.825893 0.218750 0.205357
8 0.225446 0.966518 0.174107 0.066964
8 0.084821 0.912946 0.160714 0.174107
8 0.120536 0.698661 0.232143 0.209821
8 0.089286 0.495536 0.169643 0.187500
8 0.187500 0.397321 0.223214 0.241071
8 0.116071 0.212054 0.223214 0.200893
8 0.281250 0.091518 0.294643 0.174107
