1 0.531250 0.504464 0.348214 0.366071
1 0.772321 0.573661 0.044643 0.066964
8 0.500000 0.198661 0.214286 0.218750
8 0.361607 0.283482 0.205357 0.174107
8 0.276786 0.093750 0.258929 0.178571
8 0.087054 0.203125 0.165179 0.236607
8 0.071429 0.457589 0.133929 0.245536
8 0.102679 0.700893 0.196429 0.205357
8 0.095982 0.904018 0.183036 0.191964
8 0.238839 0.540179 0.209821 0.294643
8 0.477679 0.803571 0.285714 0.187500
8 0.457589 0.955357 0.245536 0.089286
8 0.736607 0.734375 0.205357 0.218750
8 0.790179 0.928571 0.258929 0.142857
8 0.899554 0.571429 0.200893 0.276786
8 0.816964 0.276786 0.285714 0.267857
8 0.750000 0.040179 0.258929 0.071429
