1 0.506696 0.495536 0.352679 0.375000
8 0.825893 0.301339 0.267857 0.245536
8 0.870536 0.441964 0.241071 0.205357
8 0.910714 0.669643 0.178571 0.232143
8 0.879464 0.808036 0.241071 0.232143
8 0.622768 0.816964 0.290179 0.250000
8 0.808036 0.957589 0.232143 0.084821
8 0.203125 0.883929 0.236607 0.214286
8 0.187500 0.642857 0.250000 0.205357
8 0.095982 0.468750 0.183036 0.196429
8 0.035714 0.944196 0.062500 0.111607
8 0.540179 0.149554 0.250000 0.218750
8 0.216518 0.203125 0.209821 0.218750
8 0.058036 0.102679 0.107143 0.196429
8 0.312500 0.044643 0.223214 0.080357
8 0.734375 0.044643 0.236607 0.080357
