1 0.500000 0.470982 0.375000 0.450893
1 0.051339 0.174107 0.075893 0.062500
8 0.823661 0.553571 0.227679 0.250000
8 0.899554 0.763393 0.200893 0.267857
8 0.866071 0.933036 0.196429 0.133929
8 0.361607 0.899554 0.223214 0.191964
8 0.466518 0.941964 0.218750 0.116071
8 0.116071 0.897321 0.223214 0.205357
8 0.223214 0.718750 0.232143 0.214286
8 0.142857 0.419643 0.250000 0.276786
8 0.125000 0.301339 0.241071 0.200893
8 0.343750 0.127232 0.258929 0.236607
8 0.904018 0.185268 0.191964 0.236607
8 0.745536 0.058036 0.214286 0.107143
8 0.111607 0.029018 0.196429 0.049107
