1 0.515625 0.495536 0.397321 0.419643
8 0.109375 0.125000 0.200893 0.196429
8 0.401786 0.194196 0.241071 0.200893
8 0.303571 0.055804 0.285714 0.102679
8 0.787946 0.350446 0.236607 0.236607
8 0.941964 0.466518 0.116071 0.227679
8 0.861607 0.158482 0.241071 0.254464
8 0.776786 0.687500 0.223214 0.205357
8 0.886161 0.883929 0.227679 0.214286
8 0.379464 0.767857 0.276786 0.223214
8 0.136161 0.781250 0.209821 0.232143
8 0.191964 0.551339 0.250000 0.236607
8 0.040179 0.484375 0.071429 0.227679
8 0.107143 0.968750 0.205357 0.062500
