1 0.502232 0.504464 0.361607 0.366071
8 0.104911 0.354911 0.200893 0.227679
8 0.093750 0.598214 0.178571 0.214286
8 0.254464 0.720982 0.223214 0.218750
8 0.464286 0.821429 0.258929 0.232143
8 0.823661 0.901786 0.218750 0.196429
8 0.915179 0.743304 0.169643 0.227679
8 0.935268 0.575893 0.129464 0.214286
8 0.774554 0.388393 0.200893 0.196429
8 0.908482 0.352679 0.183036 0.241071
8 0.899554 0.142857 0.200893 0.178571
8 0.738839 0.044643 0.218750 0.080357
8 0.504464 0.040179 0.196429 0.071429
8 0.444196 0.189732 0.236607 0.227679
8 0.091518 0.120536 0.174107 0.232143
