1 0.513393 0.491071 0.401786 0.375000
8 0.279018 0.140625 0.236607 0.227679
8 0.821429 0.515625 0.223214 0.263393
8 0.785714 0.792411 0.241071 0.263393
8 0.912946 0.928571 0.174107 0.142857
8 0.450893 0.924107 0.196429 0.151786
8 0.540179 0.776786 0.250000 0.187500
8 0.332589 0.700893 0.254464 0.258929
8 0.109375 0.790179 0.209821 0.232143
8 0.044643 0.948661 0.080357 0.102679
8 0.145089 0.497768 0.236607 0.227679
8 0.055804 0.332589 0.102679 0.227679
8 0.886161 0.180804 0.227679 0.218750
8 0.895089 0.055804 0.209821 0.102679
8 0.046875 0.073661 0.084821 0.138393
