1 0.504464 0.551339 0.375000 0.468750
1 0.785714 0.421875 0.107143 0.129464
1 0.979911 0.178571 0.040179 0.080357
1 0.091518 0.555804 0.120536 0.129464
1 0.125000 0.741071 0.089286 0.071429
1 0.531250 0.292411 0.080357 0.058036
8 0.500000 0.075893 0.205357 0.142857
8 0.656250 0.250000 0.205357 0.250000
8 0.830357 0.207589 0.196429 0.245536
8 0.339286 0.250000 0.241071 0.205357
8 0.109375 0.071429 0.209821 0.133929
8 0.053571 0.205357 0.098214 0.169643
8 0.037946 0.386161 0.066964 0.165179
8 0.033482 0.620536 0.058036 0.214286
8 0.084821 0.845982 0.160714 0.227679
8 0.234375 0.857143 0.191964 0.214286
8 0.399554 0.832589 0.254464 0.272321
8 0.582589 0.861607 0.165179 0.250000
8 0.732143 0.919643 0.196429 0.160714
8 0.828125 0.591518 0.200893 0.236607
8 0.933036 0.912946 0.133929 0.174107
8 0.970982 0.607143 0.058036 0.214286
