1 0.513393 0.515625 0.437500 0.424107
8 0.488839 0.160714 0.209821 0.205357
8 0.723214 0.198661 0.187500 0.209821
8 0.852679 0.477679 0.223214 0.276786
8 0.921875 0.245536 0.156250 0.258929
8 0.921875 0.705357 0.156250 0.196429
8 0.812500 0.886161 0.196429 0.200893
8 0.948661 0.937500 0.102679 0.125000
8 0.428571 0.926339 0.232143 0.147321
8 0.062500 0.772321 0.116071 0.205357
8 0.109375 0.937500 0.209821 0.125000
8 0.131696 0.520089 0.254464 0.281250
8 0.299107 0.162946 0.169643 0.191964
8 0.176339 0.120536 0.165179 0.178571
8 0.069196 0.095982 0.129464 0.183036
