1 0.488839 0.642857 0.424107 0.410714
1 0.674107 0.299107 0.080357 0.116071
1 0.263393 0.388393 0.062500 0.044643
8 0.292411 0.080357 0.209821 0.151786
8 0.435268 0.049107 0.191964 0.089286
8 0.593750 0.136161 0.232143 0.218750
8 0.812500 0.167411 0.214286 0.227679
8 0.939732 0.296875 0.120536 0.218750
8 0.948661 0.082589 0.102679 0.156250
8 0.767857 0.419643 0.205357 0.196429
8 0.504464 0.321429 0.214286 0.196429
8 0.145089 0.229911 0.281250 0.236607
8 0.200893 0.446429 0.214286 0.205357
8 0.145089 0.667411 0.218750 0.245536
8 0.232143 0.883929 0.205357 0.178571
8 0.053571 0.955357 0.098214 0.089286
8 0.761161 0.792411 0.174107 0.200893
8 0.888393 0.767857 0.178571 0.196429
8 0.640625 0.962054 0.183036 0.075893
8 0.417411 0.962054 0.200893 0.075893
