1 0.424107 0.517857 0.330357 0.303571
8 0.412946 0.122768 0.209821 0.200893
8 0.863839 0.218750 0.245536 0.250000
8 0.857143 0.046875 0.258929 0.084821
8 0.200893 0.176339 0.178571 0.209821
8 0.109375 0.037946 0.209821 0.066964
8 0.064732 0.183036 0.120536 0.205357
8 0.071429 0.366071 0.133929 0.187500
8 0.129464 0.562500 0.223214 0.241071
8 0.571429 0.767857 0.205357 0.232143
8 0.779018 0.761161 0.209821 0.191964
8 0.957589 0.694196 0.084821 0.245536
8 0.941964 0.441964 0.116071 0.214286
8 0.955357 0.919643 0.089286 0.160714
8 0.772321 0.930804 0.223214 0.138393
8 0.575893 0.953125 0.169643 0.093750
