1 0.508929 0.415179 0.392857 0.419643
1 0.283482 0.785714 0.406250 0.401786
8 0.299107 0.154018 0.196429 0.191964
8 0.082589 0.142857 0.156250 0.267857
8 0.069196 0.520089 0.129464 0.200893
8 0.504464 0.084821 0.205357 0.160714
8 0.718750 0.156250 0.205357 0.223214
8 0.919643 0.200893 0.160714 0.214286
8 0.919643 0.466518 0.160714 0.245536
8 0.872768 0.040179 0.191964 0.071429
8 0.741071 0.564732 0.187500 0.236607
8 0.620536 0.725446 0.258929 0.209821
8 0.620536 0.908482 0.294643 0.183036
8 0.877232 0.919643 0.227679 0.160714
8 0.044643 0.941964 0.080357 0.116071
