1 0.493304 0.522321 0.379464 0.401786
8 0.671875 0.174107 0.281250 0.232143
8 0.779018 0.095982 0.191964 0.183036
8 0.892857 0.053571 0.160714 0.098214
8 0.957589 0.459821 0.084821 0.303571
8 0.828125 0.533482 0.236607 0.209821
8 0.814732 0.625000 0.272321 0.294643
8 0.825893 0.872768 0.312500 0.245536
8 0.962054 0.962054 0.075893 0.075893
8 0.375000 0.917411 0.241071 0.165179
8 0.258929 0.729911 0.223214 0.263393
8 0.075893 0.770089 0.142857 0.245536
8 0.120536 0.946429 0.232143 0.107143
8 0.142857 0.285714 0.276786 0.267857
8 0.060268 0.104911 0.111607 0.200893
