1 0.504464 0.473214 0.419643 0.375000
8 0.687500 0.220982 0.205357 0.200893
8 0.912946 0.183036 0.174107 0.232143
8 0.935268 0.598214 0.129464 0.232143
8 0.886161 0.801339 0.227679 0.209821
8 0.651786 0.747768 0.241071 0.218750
8 0.531250 0.091518 0.223214 0.174107
8 0.738839 0.062500 0.200893 0.116071
8 0.158482 0.066964 0.218750 0.125000
8 0.223214 0.267857 0.214286 0.223214
8 0.064732 0.417411 0.120536 0.245536
8 0.071429 0.845982 0.133929 0.209821
8 0.243304 0.890625 0.227679 0.218750
8 0.428571 0.776786 0.214286 0.214286
8 0.584821 0.919643 0.232143 0.160714
8 0.033482 0.154018 0.058036 0.183036
8 0.040179 0.645089 0.071429 0.183036
8 0.915179 0.957589 0.169643 0.084821
