1 0.495536 0.502232 0.383929 0.379464
1 0.174107 0.595982 0.080357 0.084821
8 0.875000 0.841518 0.241071 0.218750
8 0.935268 0.933036 0.129464 0.133929
8 0.477679 0.948661 0.267857 0.102679
8 0.207589 0.796875 0.227679 0.254464
8 0.066964 0.609375 0.125000 0.209821
8 0.040179 0.848214 0.071429 0.223214
8 0.160714 0.433036 0.223214 0.241071
8 0.198661 0.187500 0.218750 0.232143
8 0.062500 0.084821 0.116071 0.160714
8 0.426339 0.183036 0.209821 0.196429
8 0.667411 0.113839 0.272321 0.218750
8 0.419643 0.031250 0.241071 0.053571
8 0.765625 0.337054 0.227679 0.236607
8 0.852679 0.482143 0.232143 0.250000
8 0.890625 0.080357 0.218750 0.151786
