1 0.526786 0.508929 0.375000 0.428571
1 0.095982 0.433036 0.075893 0.098214
1 0.223214 0.064732 0.116071 0.093750
8 0.897321 0.232143 0.205357 0.223214
8 0.660714 0.129464 0.187500 0.223214
8 0.656250 0.214286 0.276786 0.151786
8 0.843750 0.491071 0.232143 0.250000
8 0.683036 0.767857 0.241071 0.250000
8 0.448661 0.805804 0.236607 0.183036
8 0.310268 0.660714 0.209821 0.250000
8 0.225446 0.437500 0.227679 0.196429
8 0.109375 0.620536 0.209821 0.214286
8 0.075893 0.819196 0.142857 0.218750
8 0.122768 0.944196 0.236607 0.111607
8 0.383929 0.937500 0.232143 0.125000
8 0.316964 0.265625 0.258929 0.156250
8 0.312500 0.140625 0.267857 0.200893
8 0.107143 0.214286 0.205357 0.205357
8 0.080357 0.062500 0.151786 0.116071
8 0.375000 0.029018 0.214286 0.049107
