1 0.504464 0.495536 0.419643 0.401786
1 0.524554 0.044643 0.138393 0.071429
8 0.232143 0.212054 0.214286 0.183036
8 0.133929 0.444196 0.258929 0.236607
8 0.113839 0.705357 0.200893 0.241071
8 0.073661 0.908482 0.138393 0.183036
8 0.308036 0.946429 0.214286 0.107143
8 0.553571 0.930804 0.267857 0.138393
8 0.796875 0.863839 0.281250 0.272321
8 0.921875 0.718750 0.156250 0.276786
8 0.783482 0.321429 0.245536 0.205357
8 0.629464 0.167411 0.241071 0.209821
8 0.866071 0.091518 0.267857 0.174107
8 0.069196 0.084821 0.129464 0.160714
