1 0.520089 0.515625 0.370536 0.406250
1 0.477679 0.908482 0.116071 0.102679
8 0.837054 0.522321 0.200893 0.232143
8 0.959821 0.622768 0.080357 0.227679
8 0.879464 0.821429 0.214286 0.223214
8 0.647321 0.825893 0.241071 0.241071
8 0.370536 0.785714 0.241071 0.196429
8 0.216518 0.962054 0.165179 0.075893
8 0.064732 0.933036 0.120536 0.133929
8 0.058036 0.651786 0.107143 0.223214
8 0.223214 0.616071 0.196429 0.196429
8 0.111607 0.419643 0.214286 0.267857
8 0.125000 0.080357 0.241071 0.151786
8 0.542411 0.078125 0.236607 0.147321
8 0.765625 0.189732 0.263393 0.200893
