1 0.495536 0.495536 0.437500 0.401786
8 0.308036 0.743304 0.214286 0.227679
8 0.129464 0.834821 0.196429 0.223214
8 0.508929 0.810268 0.187500 0.183036
8 0.709821 0.879464 0.214286 0.214286
8 0.799107 0.667411 0.196429 0.227679
8 0.948661 0.560268 0.102679 0.183036
8 0.955357 0.767857 0.089286 0.187500
8 0.908482 0.928571 0.183036 0.142857
8 0.890625 0.167411 0.218750 0.200893
8 0.636161 0.158482 0.236607 0.227679
8 0.790179 0.042411 0.196429 0.075893
8 0.250000 0.256696 0.223214 0.183036
8 0.109375 0.433036 0.209821 0.250000
8 0.171875 0.082589 0.245536 0.156250
