1 0.488839 0.504464 0.424107 0.410714
1 0.165179 0.930804 0.098214 0.102679
1 0.562500 0.122768 0.080357 0.111607
1 0.892857 0.366071 0.071429 0.062500
1 0.968750 0.343750 0.044643 0.080357
8 0.102679 0.350446 0.196429 0.254464
8 0.194196 0.611607 0.245536 0.250000
8 0.093750 0.770089 0.178571 0.227679
8 0.417411 0.816964 0.209821 0.232143
8 0.301339 0.939732 0.218750 0.120536
8 0.593750 0.899554 0.187500 0.200893
8 0.741071 0.725446 0.267857 0.245536
8 0.841518 0.502232 0.227679 0.236607
8 0.750000 0.274554 0.178571 0.191964
8 0.660714 0.200893 0.205357 0.169643
8 0.745536 0.058036 0.276786 0.107143
8 0.618304 0.051339 0.218750 0.093750
8 0.372768 0.060268 0.254464 0.111607
8 0.944196 0.046875 0.111607 0.084821
8 0.783482 0.919643 0.200893 0.160714
8 0.946429 0.950893 0.107143 0.098214
8 0.060268 0.944196 0.111607 0.111607
