1 0.433036 0.508929 0.401786 0.339286
1 0.607143 0.794643 0.071429 0.053571
8 0.337054 0.176339 0.218750 0.218750
8 0.564732 0.250000 0.227679 0.241071
8 0.770089 0.383929 0.218750 0.214286
8 0.946429 0.410714 0.107143 0.187500
8 0.926339 0.631696 0.147321 0.209821
8 0.941964 0.857143 0.116071 0.232143
8 0.765625 0.850446 0.218750 0.227679
8 0.812500 0.941964 0.232143 0.116071
8 0.560268 0.950893 0.245536 0.098214
8 0.482143 0.787946 0.205357 0.200893
8 0.207589 0.823661 0.227679 0.200893
8 0.107143 0.625000 0.205357 0.223214
8 0.138393 0.390625 0.258929 0.209821
8 0.064732 0.113839 0.120536 0.200893
8 0.455357 0.035714 0.205357 0.062500
8 0.761161 0.165179 0.218750 0.187500
8 0.752232 0.078125 0.218750 0.147321
8 0.944196 0.062500 0.111607 0.116071
