1 0.495536 0.500000 0.401786 0.357143
1 0.656250 0.183036 0.044643 0.053571
8 0.383929 0.232143 0.258929 0.232143
8 0.107143 0.305804 0.205357 0.209821
8 0.227679 0.591518 0.267857 0.236607
8 0.044643 0.607143 0.080357 0.196429
8 0.066964 0.834821 0.125000 0.250000
8 0.370536 0.799107 0.241071 0.214286
8 0.654018 0.743304 0.263393 0.218750
8 0.839286 0.616071 0.187500 0.223214
8 0.890625 0.823661 0.209821 0.209821
8 0.700893 0.930804 0.267857 0.138393
8 0.814732 0.459821 0.227679 0.214286
8 0.808036 0.245536 0.214286 0.214286
8 0.962054 0.553571 0.075893 0.214286
8 0.962054 0.194196 0.075893 0.191964
8 0.814732 0.069196 0.200893 0.129464
8 0.254464 0.049107 0.232143 0.089286
