1 0.495536 0.502232 0.383929 0.406250
1 0.732143 0.781250 0.080357 0.071429
1 0.486607 0.272321 0.053571 0.053571
8 0.176339 0.497768 0.209821 0.209821
8 0.272321 0.754464 0.241071 0.232143
8 0.453125 0.910714 0.209821 0.178571
8 0.678571 0.883929 0.258929 0.214286
8 0.946429 0.910714 0.107143 0.178571
8 0.939732 0.618304 0.120536 0.254464
8 0.837054 0.495536 0.272321 0.232143
8 0.901786 0.290179 0.196429 0.232143
8 0.729911 0.205357 0.218750 0.232143
8 0.750000 0.053571 0.232143 0.098214
8 0.339286 0.098214 0.267857 0.187500
8 0.113839 0.267857 0.218750 0.232143
8 0.033482 0.504464 0.058036 0.187500
8 0.082589 0.915179 0.156250 0.169643
8 0.256696 0.964286 0.191964 0.071429
