1 0.379464 0.066964 0.330357 0.125000
1 0.502232 0.493304 0.424107 0.397321
1 0.698661 0.709821 0.075893 0.080357
1 0.741071 0.361607 0.071429 0.089286
8 0.598214 0.196429 0.267857 0.178571
8 0.656250 0.104911 0.214286 0.200893
8 0.933036 0.220982 0.133929 0.254464
8 0.852679 0.435268 0.214286 0.236607
8 0.879464 0.676339 0.241071 0.227679
8 0.808036 0.908482 0.258929 0.183036
8 0.450893 0.863839 0.303571 0.227679
8 0.129464 0.915179 0.250000 0.169643
8 0.256696 0.948661 0.236607 0.102679
8 0.256696 0.714286 0.236607 0.214286
8 0.066964 0.732143 0.125000 0.232143
8 0.136161 0.537946 0.200893 0.290179
8 0.191964 0.250000 0.258929 0.250000
8 0.522321 0.814732 0.232143 0.183036
8 0.890625 0.040179 0.218750 0.071429
