1 0.506696 0.500000 0.415179 0.428571
8 0.696429 0.178571 0.196429 0.223214
8 0.890625 0.171875 0.183036 0.236607
8 0.939732 0.517857 0.120536 0.214286
8 0.607143 0.037946 0.205357 0.066964
8 0.363839 0.171875 0.245536 0.236607
8 0.171875 0.073661 0.191964 0.138393
8 0.149554 0.564732 0.236607 0.218750
8 0.078125 0.743304 0.147321 0.191964
8 0.082589 0.930804 0.156250 0.138393
8 0.252232 0.763393 0.209821 0.187500
8 0.814732 0.622768 0.191964 0.245536
8 0.908482 0.816964 0.183036 0.214286
8 0.921875 0.020089 0.156250 0.031250
