1 0.486607 0.544643 0.491071 0.410714
8 0.406250 0.198661 0.267857 0.227679
8 0.241071 0.064732 0.214286 0.120536
8 0.575893 0.042411 0.258929 0.075893
8 0.857143 0.053571 0.285714 0.098214
8 0.852679 0.578125 0.250000 0.236607
8 0.919643 0.473214 0.160714 0.232143
8 0.962054 0.767857 0.075893 0.223214
8 0.861607 0.915179 0.276786 0.169643
8 0.662946 0.830357 0.290179 0.232143
8 0.424107 0.863839 0.250000 0.218750
8 0.234375 0.761161 0.254464 0.245536
8 0.223214 0.941964 0.250000 0.116071
8 0.060268 0.863839 0.111607 0.245536
8 0.033482 0.283482 0.058036 0.209821
