1 0.502232 0.515625 0.450893 0.370536
8 0.265625 0.265625 0.218750 0.191964
8 0.216518 0.502232 0.191964 0.263393
8 0.171875 0.718750 0.227679 0.241071
8 0.446429 0.794643 0.232143 0.214286
8 0.676339 0.792411 0.209821 0.290179
8 0.872768 0.763393 0.236607 0.241071
8 0.892857 0.546875 0.214286 0.209821
8 0.919643 0.332589 0.160714 0.227679
8 0.662946 0.229911 0.245536 0.200893
8 0.444196 0.073661 0.218750 0.138393
8 0.767857 0.051339 0.241071 0.093750
8 0.935268 0.102679 0.129464 0.196429
8 0.058036 0.571429 0.107143 0.276786
8 0.129464 0.944196 0.223214 0.111607
8 0.555804 0.962054 0.209821 0.075893
8 0.921875 0.966518 0.156250 0.066964
8 0.037946 0.330357 0.066964 0.187500
