1 0.502232 0.504464 0.397321 0.401786
1 0.073661 0.810268 0.084821 0.058036
1 0.339286 0.296875 0.098214 0.075893
8 0.319196 0.107143 0.245536 0.205357
8 0.238839 0.279018 0.227679 0.209821
8 0.071429 0.254464 0.133929 0.205357
8 0.149554 0.669643 0.227679 0.223214
8 0.058036 0.937500 0.107143 0.125000
8 0.232143 0.917411 0.205357 0.165179
8 0.399554 0.866071 0.183036 0.214286
8 0.484375 0.823661 0.200893 0.191964
8 0.642857 0.790179 0.214286 0.205357
8 0.767857 0.700893 0.223214 0.214286
8 0.852679 0.678571 0.196429 0.223214
8 0.926339 0.330357 0.147321 0.187500
8 0.783482 0.162946 0.227679 0.191964
8 0.816964 0.073661 0.223214 0.138393
8 0.044643 0.080357 0.080357 0.151786
8 0.812500 0.953125 0.196429 0.093750
8 0.973214 0.752232 0.053571 0.183036
