1 0.437500 0.569196 0.500000 0.388393
8 0.756696 0.397321 0.272321 0.276786
8 0.904018 0.580357 0.191964 0.214286
8 0.772321 0.720982 0.241071 0.272321
8 0.935268 0.808036 0.129464 0.241071
8 0.937500 0.361607 0.125000 0.214286
8 0.962054 0.167411 0.075893 0.174107
8 0.812500 0.129464 0.258929 0.250000
8 0.350446 0.261161 0.290179 0.254464
8 0.332589 0.075893 0.281250 0.142857
8 0.098214 0.100446 0.187500 0.191964
8 0.058036 0.464286 0.107143 0.214286
8 0.183036 0.582589 0.196429 0.236607
8 0.044643 0.658482 0.080357 0.191964
8 0.136161 0.823661 0.227679 0.236607
8 0.071429 0.948661 0.133929 0.102679
8 0.439732 0.881696 0.236607 0.236607
