1 0.508929 0.558036 0.392857 0.437500
8 0.258929 0.272321 0.178571 0.214286
8 0.348214 0.111607 0.223214 0.214286
8 0.111607 0.174107 0.214286 0.241071
8 0.147321 0.633929 0.232143 0.205357
8 0.256696 0.810268 0.236607 0.236607
8 0.488839 0.877232 0.245536 0.209821
8 0.709821 0.767857 0.196429 0.205357
8 0.845982 0.754464 0.191964 0.178571
8 0.957589 0.863839 0.084821 0.236607
8 0.767857 0.950893 0.223214 0.098214
8 0.941964 0.582589 0.116071 0.200893
8 0.750000 0.359375 0.205357 0.183036
8 0.852679 0.296875 0.187500 0.183036
8 0.734375 0.122768 0.183036 0.183036
8 0.564732 0.218750 0.227679 0.205357
8 0.560268 0.051339 0.218750 0.093750
8 0.917411 0.095982 0.165179 0.183036
