1 0.491071 0.479911 0.437500 0.441964
8 0.761161 0.261161 0.227679 0.236607
8 0.897321 0.102679 0.205357 0.178571
8 0.946429 0.607143 0.107143 0.232143
8 0.785714 0.609375 0.196429 0.236607
8 0.843750 0.841518 0.241071 0.227679
8 0.629464 0.919643 0.196429 0.160714
8 0.486607 0.805804 0.267857 0.236607
8 0.417411 0.955357 0.245536 0.089286
8 0.169643 0.955357 0.223214 0.089286
8 0.187500 0.794643 0.258929 0.232143
8 0.122768 0.508929 0.218750 0.250000
8 0.272321 0.189732 0.214286 0.209821
8 0.357143 0.116071 0.214286 0.214286
8 0.174107 0.046875 0.205357 0.084821
8 0.037946 0.075893 0.066964 0.142857
