1 0.500000 0.493304 0.357143 0.299107
1 0.504464 0.060268 0.116071 0.049107
8 0.415179 0.158482 0.205357 0.209821
8 0.848214 0.082589 0.258929 0.156250
8 0.899554 0.334821 0.200893 0.223214
8 0.803571 0.531250 0.205357 0.205357
8 0.955357 0.825893 0.089286 0.232143
8 0.917411 0.968750 0.165179 0.062500
8 0.665179 0.774554 0.294643 0.254464
8 0.116071 0.756696 0.196429 0.218750
8 0.037946 0.781250 0.066964 0.205357
8 0.091518 0.953125 0.174107 0.093750
8 0.203125 0.526786 0.254464 0.267857
8 0.241071 0.285714 0.214286 0.196429
8 0.091518 0.160714 0.138393 0.187500
8 0.031250 0.060268 0.053571 0.111607
8 0.321429 0.033482 0.151786 0.058036
