1 0.479911 0.522321 0.513393 0.455357
1 0.767857 0.214286 0.125000 0.142857
8 0.602679 0.189732 0.205357 0.174107
8 0.857143 0.412946 0.241071 0.245536
8 0.937500 0.654018 0.125000 0.227679
8 0.754464 0.770089 0.294643 0.245536
8 0.508929 0.915179 0.196429 0.169643
8 0.602679 0.906250 0.196429 0.187500
8 0.823661 0.970982 0.183036 0.058036
8 0.888393 0.053571 0.205357 0.098214
8 0.979911 0.125000 0.040179 0.125000
8 0.142857 0.062500 0.276786 0.116071
8 0.169643 0.341518 0.250000 0.272321
8 0.066964 0.348214 0.125000 0.267857
8 0.200893 0.674107 0.250000 0.241071
8 0.095982 0.776786 0.183036 0.187500
8 0.212054 0.908482 0.281250 0.183036
