1 0.584821 0.316964 0.544643 0.419643
1 0.386161 0.647321 0.522321 0.455357
8 0.935268 0.691964 0.129464 0.241071
8 0.892857 0.245536 0.205357 0.285714
8 0.792411 0.080357 0.245536 0.151786
8 0.357143 0.042411 0.267857 0.075893
8 0.850446 0.533482 0.254464 0.218750
8 0.709821 0.651786 0.232143 0.223214
8 0.283482 0.921875 0.263393 0.156250
8 0.026786 0.787946 0.044643 0.200893
8 0.095982 0.611607 0.183036 0.258929
8 0.160714 0.390625 0.214286 0.245536
8 0.303571 0.350446 0.178571 0.245536
8 0.031250 0.205357 0.053571 0.196429
