1 0.495536 0.508929 0.437500 0.428571
8 0.689732 0.238839 0.218750 0.191964
8 0.906250 0.214286 0.187500 0.214286
8 0.830357 0.125000 0.214286 0.196429
8 0.625000 0.078125 0.232143 0.147321
8 0.395089 0.071429 0.254464 0.133929
8 0.323661 0.198661 0.254464 0.200893
8 0.116071 0.263393 0.223214 0.258929
8 0.053571 0.127232 0.098214 0.218750
8 0.178571 0.479911 0.196429 0.236607
8 0.238839 0.698661 0.227679 0.209821
8 0.069196 0.703125 0.129464 0.227679
8 0.488839 0.828125 0.254464 0.218750
8 0.348214 0.937500 0.294643 0.125000
8 0.647321 0.904018 0.250000 0.191964
8 0.808036 0.566964 0.187500 0.250000
8 0.899554 0.560268 0.191964 0.236607
8 0.852679 0.854911 0.223214 0.183036
8 0.877232 0.959821 0.236607 0.080357
8 0.973214 0.850446 0.053571 0.200893
