1 0.511161 0.495536 0.379464 0.366071
1 0.053571 0.486607 0.062500 0.062500
8 0.834821 0.493304 0.241071 0.245536
8 0.808036 0.377232 0.241071 0.209821
8 0.714286 0.238839 0.232143 0.236607
8 0.897321 0.116071 0.205357 0.223214
8 0.524554 0.102679 0.218750 0.196429
8 0.285714 0.084821 0.267857 0.160714
8 0.151786 0.187500 0.285714 0.205357
8 0.178571 0.368304 0.267857 0.263393
8 0.084821 0.026786 0.160714 0.044643
8 0.051339 0.589286 0.093750 0.196429
8 0.084821 0.816964 0.160714 0.232143
8 0.212054 0.924107 0.245536 0.151786
8 0.285714 0.973214 0.187500 0.053571
8 0.388393 0.808036 0.232143 0.258929
8 0.631696 0.866071 0.272321 0.241071
