1 0.486607 0.508929 0.392857 0.419643
8 0.198661 0.593750 0.191964 0.303571
8 0.053571 0.522321 0.098214 0.196429
8 0.107143 0.247768 0.205357 0.308036
8 0.109375 0.064732 0.209821 0.120536
8 0.323661 0.218750 0.227679 0.232143
8 0.359375 0.049107 0.227679 0.089286
8 0.772321 0.198661 0.196429 0.245536
8 0.944196 0.207589 0.111607 0.227679
8 0.962054 0.439732 0.075893 0.209821
8 0.841518 0.470982 0.245536 0.254464
8 0.821429 0.734375 0.214286 0.218750
8 0.955357 0.819196 0.089286 0.254464
8 0.709821 0.941964 0.205357 0.116071
8 0.562500 0.841518 0.223214 0.200893
8 0.421875 0.962054 0.227679 0.075893
8 0.296875 0.850446 0.218750 0.200893
8 0.111607 0.935268 0.214286 0.129464
