1 0.502232 0.495536 0.397321 0.348214
1 0.229911 0.625000 0.066964 0.116071
8 0.629464 0.205357 0.196429 0.214286
8 0.877232 0.292411 0.245536 0.209821
8 0.926339 0.095982 0.147321 0.183036
8 0.765625 0.022321 0.183036 0.035714
8 0.814732 0.517857 0.236607 0.232143
8 0.696429 0.765625 0.250000 0.218750
8 0.872768 0.939732 0.191964 0.120536
8 0.395089 0.803571 0.254464 0.232143
8 0.214286 0.470982 0.205357 0.227679
8 0.069196 0.375000 0.129464 0.276786
8 0.093750 0.658482 0.178571 0.191964
8 0.165179 0.872768 0.178571 0.218750
8 0.033482 0.966518 0.058036 0.066964
