1 0.491071 0.578125 0.437500 0.343750
1 0.194196 0.747768 0.156250 0.111607
1 0.522321 0.285714 0.116071 0.089286
1 0.732143 0.245536 0.125000 0.080357
8 0.290179 0.098214 0.214286 0.187500
8 0.095982 0.062500 0.183036 0.116071
8 0.066964 0.263393 0.125000 0.205357
8 0.049107 0.468750 0.089286 0.169643
8 0.171875 0.607143 0.227679 0.214286
8 0.089286 0.723214 0.169643 0.214286
8 0.223214 0.899554 0.241071 0.200893
8 0.462054 0.924107 0.227679 0.151786
8 0.656250 0.870536 0.241071 0.187500
8 0.937500 0.750000 0.125000 0.223214
8 0.843750 0.587054 0.196429 0.191964
8 0.870536 0.448661 0.196429 0.174107
8 0.705357 0.372768 0.276786 0.245536
8 0.787946 0.104911 0.227679 0.200893
8 0.883929 0.183036 0.232143 0.196429
