1 0.500000 0.522321 0.366071 0.348214
1 0.361607 0.129464 0.116071 0.062500
1 0.229911 0.500000 0.147321 0.142857
8 0.191964 0.169643 0.205357 0.187500
8 0.037946 0.107143 0.066964 0.196429
8 0.089286 0.439732 0.169643 0.227679
8 0.191964 0.667411 0.214286 0.200893
8 0.279018 0.850446 0.218750 0.200893
8 0.508929 0.881696 0.223214 0.227679
8 0.658482 0.738839 0.209821 0.174107
8 0.783482 0.703125 0.227679 0.272321
8 0.953125 0.758929 0.093750 0.196429
8 0.906250 0.921875 0.187500 0.156250
8 0.928571 0.551339 0.142857 0.209821
8 0.941964 0.323661 0.116071 0.218750
8 0.763393 0.383929 0.205357 0.214286
8 0.575893 0.216518 0.223214 0.245536
8 0.830357 0.149554 0.241071 0.209821
8 0.875000 0.066964 0.232143 0.125000
8 0.658482 0.040179 0.218750 0.071429
