1 0.477679 0.470982 0.375000 0.468750
8 0.832589 0.191964 0.236607 0.196429
8 0.839286 0.399554 0.232143 0.191964
8 0.868304 0.604911 0.245536 0.183036
8 0.959821 0.783482 0.080357 0.218750
8 0.783482 0.799107 0.272321 0.205357
8 0.752232 0.926339 0.334821 0.147321
8 0.453125 0.953125 0.165179 0.093750
8 0.258929 0.948661 0.196429 0.102679
8 0.330357 0.854911 0.232143 0.200893
8 0.285714 0.680804 0.241071 0.263393
8 0.102679 0.223214 0.196429 0.214286
8 0.321429 0.203125 0.214286 0.263393
8 0.511161 0.120536 0.200893 0.232143
8 0.165179 0.026786 0.205357 0.044643
8 0.022321 0.062500 0.035714 0.116071
