1 0.508929 0.502232 0.357143 0.334821
1 0.375000 0.263393 0.107143 0.080357
1 0.468750 0.919643 0.098214 0.080357
8 0.689732 0.252232 0.227679 0.209821
8 0.886161 0.370536 0.209821 0.223214
8 0.928571 0.151786 0.142857 0.250000
8 0.662946 0.075893 0.209821 0.142857
8 0.450893 0.029018 0.214286 0.049107
8 0.194196 0.095982 0.227679 0.183036
8 0.053571 0.160714 0.098214 0.232143
8 0.042411 0.337054 0.075893 0.245536
8 0.069196 0.529018 0.129464 0.236607
8 0.189732 0.446429 0.227679 0.250000
8 0.212054 0.709821 0.263393 0.241071
8 0.185268 0.919643 0.227679 0.160714
8 0.037946 0.910714 0.066964 0.178571
8 0.417411 0.819196 0.227679 0.200893
8 0.508929 0.939732 0.196429 0.120536
8 0.649554 0.857143 0.245536 0.214286
8 0.861607 0.781250 0.214286 0.241071
8 0.783482 0.593750 0.209821 0.267857
8 0.937500 0.575893 0.125000 0.267857
8 0.928571 0.919643 0.142857 0.160714
