1 0.517857 0.504464 0.446429 0.446429
1 0.330357 0.258929 0.125000 0.098214
1 0.258929 0.343750 0.089286 0.080357
1 0.133929 0.486607 0.089286 0.080357
8 0.700893 0.234375 0.285714 0.245536
8 0.843750 0.133929 0.205357 0.223214
8 0.966518 0.107143 0.066964 0.205357
8 0.937500 0.301339 0.125000 0.227679
8 0.944196 0.511161 0.111607 0.227679
8 0.845982 0.642857 0.218750 0.241071
8 0.959821 0.852679 0.080357 0.205357
8 0.877232 0.955357 0.245536 0.089286
8 0.691964 0.785714 0.250000 0.214286
8 0.491071 0.930804 0.258929 0.138393
8 0.310268 0.861607 0.263393 0.241071
8 0.156250 0.915179 0.285714 0.169643
8 0.245536 0.595982 0.223214 0.281250
8 0.158482 0.678571 0.245536 0.294643
8 0.031250 0.584821 0.053571 0.205357
8 0.133929 0.312500 0.232143 0.250000
8 0.118304 0.200893 0.227679 0.232143
8 0.104911 0.040179 0.200893 0.071429
8 0.404018 0.062500 0.263393 0.116071
8 0.651786 0.060268 0.241071 0.111607
