1 0.540179 0.477679 0.241071 0.187500
1 0.533482 0.683036 0.334821 0.151786
1 0.587054 0.341518 0.138393 0.084821
8 0.694196 0.220982 0.227679 0.218750
8 0.928571 0.330357 0.142857 0.205357
8 0.899554 0.558036 0.200893 0.214286
8 0.834821 0.745536 0.276786 0.267857
8 0.504464 0.933036 0.276786 0.133929
8 0.120536 0.611607 0.205357 0.223214
8 0.162946 0.379464 0.236607 0.232143
8 0.109375 0.250000 0.209821 0.169643
8 0.475446 0.174107 0.209821 0.267857
8 0.705357 0.046875 0.223214 0.084821
8 0.959821 0.113839 0.080357 0.218750
8 0.082589 0.084821 0.156250 0.160714
