1 0.495536 0.500000 0.455357 0.535714
8 0.147321 0.194196 0.241071 0.191964
8 0.332589 0.122768 0.227679 0.236607
8 0.446429 0.044643 0.187500 0.080357
8 0.118304 0.040179 0.183036 0.071429
8 0.049107 0.328125 0.089286 0.227679
8 0.104911 0.850446 0.174107 0.281250
8 0.285714 0.727679 0.223214 0.232143
8 0.551339 0.863839 0.236607 0.245536
8 0.808036 0.897321 0.196429 0.205357
8 0.939732 0.805804 0.120536 0.245536
8 0.881696 0.502232 0.200893 0.227679
8 0.944196 0.540179 0.111607 0.258929
8 0.750000 0.339286 0.285714 0.196429
8 0.658482 0.189732 0.299107 0.209821
8 0.890625 0.095982 0.218750 0.183036
