1 0.497768 0.506696 0.477679 0.477679
1 0.848214 0.162946 0.080357 0.111607
8 0.294643 0.147321 0.267857 0.241071
8 0.082589 0.223214 0.156250 0.223214
8 0.044643 0.468750 0.080357 0.250000
8 0.174107 0.459821 0.196429 0.214286
8 0.243304 0.703125 0.209821 0.209821
8 0.198661 0.890625 0.245536 0.191964
8 0.046875 0.861607 0.084821 0.196429
8 0.455357 0.841518 0.285714 0.236607
8 0.696429 0.729911 0.223214 0.209821
8 0.854911 0.564732 0.254464 0.245536
8 0.924107 0.564732 0.151786 0.236607
8 0.834821 0.325893 0.241071 0.250000
8 0.736607 0.075893 0.258929 0.142857
8 0.962054 0.194196 0.075893 0.191964
8 0.928571 0.044643 0.142857 0.080357
8 0.424107 0.040179 0.214286 0.071429
8 0.754464 0.941964 0.223214 0.116071
