1 0.511161 0.495536 0.486607 0.464286
8 0.290179 0.758929 0.205357 0.196429
8 0.368304 0.828125 0.183036 0.183036
8 0.131696 0.897321 0.209821 0.205357
8 0.781250 0.712054 0.214286 0.227679
8 0.870536 0.888393 0.187500 0.196429
8 0.854911 0.316964 0.191964 0.205357
8 0.477679 0.122768 0.205357 0.209821
8 0.234375 0.042411 0.218750 0.075893
8 0.107143 0.261161 0.205357 0.218750
8 0.024554 0.781250 0.040179 0.187500
8 0.386161 0.977679 0.174107 0.044643
8 0.758929 0.975446 0.178571 0.049107
8 0.493304 0.051339 0.227679 0.093750
