1 0.502232 0.504464 0.415179 0.366071
8 0.794643 0.500000 0.187500 0.205357
8 0.792411 0.633929 0.183036 0.205357
8 0.941964 0.607143 0.116071 0.232143
8 0.607143 0.754464 0.205357 0.214286
8 0.390625 0.761161 0.236607 0.227679
8 0.272321 0.908482 0.294643 0.183036
8 0.073661 0.895089 0.138393 0.209821
8 0.075893 0.607143 0.142857 0.205357
8 0.203125 0.466518 0.209821 0.254464
8 0.254464 0.283482 0.214286 0.236607
8 0.093750 0.383929 0.178571 0.223214
8 0.571429 0.102679 0.258929 0.196429
8 0.720982 0.243304 0.254464 0.218750
8 0.915179 0.196429 0.169643 0.214286
8 0.781250 0.069196 0.241071 0.129464
8 0.861607 0.877232 0.258929 0.200893
8 0.631696 0.910714 0.236607 0.178571
8 0.040179 0.069196 0.071429 0.129464
8 0.029018 0.247768 0.049107 0.165179
