1 0.517857 0.515625 0.392857 0.397321
8 0.241071 0.111607 0.232143 0.214286
8 0.107143 0.089286 0.205357 0.169643
8 0.741071 0.089286 0.223214 0.169643
8 0.837054 0.283482 0.254464 0.218750
8 0.930804 0.270089 0.138393 0.236607
8 0.212054 0.332589 0.272321 0.218750
8 0.035714 0.352679 0.062500 0.205357
8 0.122768 0.566964 0.227679 0.258929
8 0.042411 0.761161 0.075893 0.191964
8 0.254464 0.830357 0.232143 0.241071
8 0.368304 0.823661 0.191964 0.218750
8 0.546875 0.941964 0.200893 0.116071
8 0.792411 0.832589 0.236607 0.245536
8 0.843750 0.546875 0.250000 0.263393
8 0.926339 0.939732 0.147321 0.120536
