1 0.506696 0.495536 0.424107 0.419643
1 0.189732 0.189732 0.075893 0.102679
8 0.531250 0.100446 0.187500 0.191964
8 0.868304 0.053571 0.218750 0.098214
8 0.933036 0.292411 0.133929 0.191964
8 0.921875 0.457589 0.156250 0.200893
8 0.625000 0.812500 0.196429 0.196429
8 0.767857 0.941964 0.205357 0.116071
8 0.848214 0.875000 0.214286 0.205357
8 0.540179 0.957589 0.196429 0.084821
8 0.220982 0.962054 0.227679 0.075893
8 0.116071 0.761161 0.223214 0.218750
8 0.187500 0.321429 0.241071 0.187500
8 0.042411 0.229911 0.075893 0.236607
