1 0.473214 0.506696 0.508929 0.441964
8 0.245536 0.207589 0.214286 0.245536
8 0.162946 0.455357 0.236607 0.214286
8 0.118304 0.604911 0.227679 0.218750
8 0.301339 0.725446 0.272321 0.138393
8 0.535714 0.821429 0.223214 0.241071
8 0.299107 0.897321 0.267857 0.205357
8 0.093750 0.872768 0.178571 0.254464
8 0.060268 0.250000 0.111607 0.232143
8 0.736607 0.323661 0.258929 0.227679
8 0.892857 0.296875 0.214286 0.218750
8 0.904018 0.544643 0.191964 0.250000
8 0.745536 0.689732 0.223214 0.263393
8 0.912946 0.834821 0.174107 0.205357
8 0.656250 0.957589 0.232143 0.084821
8 0.915179 0.982143 0.169643 0.035714
8 0.892857 0.093750 0.214286 0.178571
8 0.631696 0.111607 0.227679 0.178571
8 0.448661 0.033482 0.218750 0.058036
