1 0.504464 0.502232 0.383929 0.361607
8 0.200893 0.098214 0.232143 0.187500
8 0.046875 0.154018 0.084821 0.218750
8 0.176339 0.328125 0.218750 0.245536
8 0.040179 0.368304 0.071429 0.183036
8 0.073661 0.564732 0.138393 0.227679
8 0.232143 0.607143 0.169643 0.232143
8 0.439732 0.082589 0.236607 0.156250
8 0.857143 0.133929 0.187500 0.241071
8 0.825893 0.522321 0.223214 0.223214
8 0.930804 0.825893 0.138393 0.241071
8 0.828125 0.946429 0.209821 0.107143
8 0.604911 0.890625 0.245536 0.218750
8 0.310268 0.870536 0.245536 0.205357
8 0.102679 0.910714 0.196429 0.178571
8 0.875000 0.066964 0.250000 0.125000
8 0.651786 0.033482 0.196429 0.058036
