1 0.497768 0.484375 0.343750 0.343750
1 0.613839 0.727679 0.093750 0.098214
8 0.714286 0.252232 0.232143 0.200893
8 0.792411 0.533482 0.191964 0.227679
8 0.736607 0.776786 0.205357 0.214286
8 0.502232 0.854911 0.236607 0.200893
8 0.243304 0.745536 0.263393 0.223214
8 0.051339 0.529018 0.093750 0.227679
8 0.051339 0.290179 0.093750 0.205357
8 0.216518 0.301339 0.183036 0.254464
8 0.267857 0.107143 0.241071 0.205357
8 0.654018 0.084821 0.254464 0.160714
8 0.886161 0.087054 0.209821 0.165179
8 0.959821 0.250000 0.080357 0.196429
8 0.968750 0.459821 0.062500 0.178571
8 0.948661 0.805804 0.102679 0.209821
8 0.796875 0.948661 0.236607 0.102679
