1 0.513393 0.517857 0.401786 0.401786
1 0.035714 0.332589 0.062500 0.111607
8 0.595982 0.196429 0.281250 0.258929
8 0.837054 0.450893 0.227679 0.267857
8 0.928571 0.645089 0.142857 0.245536
8 0.937500 0.928571 0.125000 0.142857
8 0.750000 0.948661 0.223214 0.102679
8 0.537946 0.823661 0.299107 0.209821
8 0.513393 0.935268 0.232143 0.129464
8 0.225446 0.805804 0.245536 0.254464
8 0.198661 0.444196 0.236607 0.299107
8 0.328125 0.243304 0.236607 0.263393
8 0.156250 0.122768 0.214286 0.218750
8 0.888393 0.120536 0.223214 0.232143
8 0.658482 0.042411 0.290179 0.075893
