1 0.495536 0.522321 0.375000 0.383929
8 0.091518 0.484375 0.174107 0.254464
8 0.245536 0.502232 0.187500 0.308036
8 0.337054 0.281250 0.352679 0.205357
8 0.243304 0.131696 0.263393 0.236607
8 0.049107 0.292411 0.089286 0.227679
8 0.261161 0.770089 0.236607 0.236607
8 0.450893 0.919643 0.241071 0.160714
8 0.609375 0.765625 0.227679 0.200893
8 0.707589 0.897321 0.245536 0.205357
8 0.877232 0.718750 0.245536 0.223214
8 0.857143 0.500000 0.250000 0.232143
8 0.723214 0.267857 0.223214 0.232143
8 0.508929 0.149554 0.223214 0.281250
8 0.814732 0.075893 0.200893 0.142857
8 0.964286 0.102679 0.071429 0.196429
8 0.845982 0.970982 0.174107 0.058036
8 0.232143 0.970982 0.169643 0.058036
