1 0.468750 0.515625 0.437500 0.406250
8 0.220982 0.207589 0.218750 0.209821
8 0.285714 0.292411 0.196429 0.183036
8 0.716518 0.283482 0.227679 0.209821
8 0.924107 0.281250 0.151786 0.196429
8 0.957589 0.176339 0.084821 0.209821
8 0.901786 0.042411 0.196429 0.075893
8 0.118304 0.053571 0.227679 0.098214
8 0.035714 0.203125 0.062500 0.218750
8 0.189732 0.825893 0.236607 0.232143
8 0.093750 0.959821 0.178571 0.080357
8 0.468750 0.883929 0.250000 0.223214
8 0.709821 0.935268 0.250000 0.129464
8 0.928571 0.933036 0.142857 0.133929
