1 0.495536 0.491071 0.401786 0.392857
8 0.676339 0.779018 0.227679 0.200893
8 0.845982 0.627232 0.200893 0.200893
8 0.854911 0.517857 0.227679 0.187500
8 0.941964 0.794643 0.116071 0.214286
8 0.761161 0.316964 0.254464 0.232143
8 0.928571 0.334821 0.142857 0.250000
8 0.566964 0.069196 0.241071 0.129464
8 0.814732 0.060268 0.236607 0.111607
8 0.321429 0.151786 0.232143 0.196429
8 0.319196 0.049107 0.218750 0.089286
8 0.100446 0.160714 0.191964 0.223214
8 0.116071 0.363839 0.223214 0.200893
8 0.073661 0.591518 0.138393 0.236607
8 0.245536 0.611607 0.232143 0.276786
8 0.404018 0.828125 0.227679 0.218750
8 0.600446 0.933036 0.272321 0.133929
8 0.154018 0.805804 0.227679 0.290179
8 0.037946 0.848214 0.066964 0.241071
8 0.109375 0.966518 0.209821 0.066964
