1 0.482143 0.513393 0.357143 0.348214
1 0.506696 0.828125 0.040179 0.066964
1 0.736607 0.591518 0.116071 0.102679
1 0.575893 0.060268 0.133929 0.111607
1 0.892857 0.147321 0.142857 0.098214
1 0.917411 0.482143 0.165179 0.071429
1 0.870536 0.770089 0.098214 0.120536
8 0.437500 0.178571 0.214286 0.205357
8 0.654018 0.241071 0.227679 0.205357
8 0.886161 0.609375 0.209821 0.191964
8 0.959821 0.877232 0.080357 0.245536
8 0.801339 0.883929 0.218750 0.205357
8 0.669643 0.750000 0.250000 0.232143
8 0.558036 0.937500 0.205357 0.125000
8 0.352679 0.941964 0.223214 0.116071
8 0.323661 0.772321 0.254464 0.223214
8 0.216518 0.848214 0.191964 0.187500
8 0.064732 0.729911 0.120536 0.236607
8 0.062500 0.854911 0.116071 0.218750
8 0.165179 0.479911 0.241071 0.200893
8 0.227679 0.274554 0.214286 0.227679
8 0.051339 0.111607 0.093750 0.214286
8 0.964286 0.348214 0.071429 0.196429
8 0.843750 0.031250 0.205357 0.053571
