1 0.497768 0.504464 0.406250 0.392857
8 0.133929 0.727679 0.250000 0.223214
8 0.118304 0.946429 0.227679 0.107143
8 0.526786 0.814732 0.339286 0.218750
8 0.758929 0.669643 0.250000 0.258929
8 0.919643 0.837054 0.160714 0.281250
8 0.796875 0.107143 0.183036 0.205357
8 0.395089 0.111607 0.227679 0.214286
8 0.301339 0.220982 0.218750 0.245536
8 0.093750 0.151786 0.178571 0.294643
8 0.598214 0.966518 0.285714 0.066964
8 0.897321 0.120536 0.205357 0.205357
8 0.200893 0.689732 0.258929 0.218750
8 0.178571 0.941964 0.214286 0.116071
