1 0.526786 0.542411 0.446429 0.397321
1 0.529018 0.185268 0.084821 0.075893
1 0.024554 0.361607 0.040179 0.089286
1 0.243304 0.486607 0.138393 0.098214
1 0.267857 0.595982 0.071429 0.075893
1 0.607143 0.941964 0.107143 0.107143
1 0.776786 0.370536 0.071429 0.080357
8 0.281250 0.241071 0.258929 0.232143
8 0.258929 0.062500 0.205357 0.116071
8 0.502232 0.058036 0.263393 0.107143
8 0.716518 0.147321 0.281250 0.241071
8 0.930804 0.127232 0.138393 0.245536
8 0.863839 0.616071 0.254464 0.330357
8 0.154018 0.379464 0.209821 0.160714
8 0.080357 0.562500 0.151786 0.267857
8 0.243304 0.535714 0.174107 0.294643
8 0.142857 0.808036 0.223214 0.214286
8 0.236607 0.819196 0.223214 0.299107
8 0.308036 0.875000 0.250000 0.241071
8 0.437500 0.892857 0.196429 0.214286
8 0.814732 0.937500 0.254464 0.125000
8 0.892857 0.649554 0.178571 0.254464
