1 0.332589 0.263393 0.075893 0.080357
1 0.482143 0.491071 0.401786 0.339286
1 0.924107 0.459821 0.151786 0.285714
1 0.939732 0.839286 0.120536 0.125000
8 0.687500 0.100446 0.187500 0.183036
8 0.770089 0.084821 0.174107 0.160714
8 0.872768 0.078125 0.165179 0.147321
8 0.959821 0.069196 0.080357 0.129464
8 0.357143 0.111607 0.241071 0.214286
8 0.046875 0.158482 0.084821 0.209821
8 0.035714 0.529018 0.062500 0.174107
8 0.162946 0.658482 0.218750 0.218750
8 0.256696 0.649554 0.245536 0.218750
8 0.792411 0.441964 0.165179 0.205357
8 0.796875 0.341518 0.236607 0.200893
8 0.868304 0.638393 0.227679 0.196429
8 0.883929 0.814732 0.232143 0.209821
8 0.662946 0.770089 0.245536 0.191964
8 0.665179 0.921875 0.232143 0.156250
8 0.470982 0.892857 0.236607 0.214286
