1 0.504464 0.486607 0.473214 0.419643
8 0.714286 0.180804 0.241071 0.218750
8 0.805804 0.629464 0.191964 0.267857
8 0.910714 0.750000 0.169643 0.214286
8 0.955357 0.482143 0.089286 0.223214
8 0.694196 0.037946 0.236607 0.066964
8 0.408482 0.162946 0.236607 0.209821
8 0.095982 0.283482 0.183036 0.227679
8 0.169643 0.562500 0.187500 0.258929
8 0.087054 0.508929 0.165179 0.196429
8 0.263393 0.810268 0.223214 0.236607
8 0.491071 0.837054 0.241071 0.209821
8 0.075893 0.814732 0.142857 0.236607
8 0.250000 0.040179 0.205357 0.071429
