1 0.470982 0.448661 0.486607 0.433036
8 0.290179 0.656250 0.250000 0.276786
8 0.850446 0.377232 0.245536 0.254464
8 0.747768 0.093750 0.218750 0.178571
8 0.542411 0.147321 0.236607 0.214286
8 0.386161 0.040179 0.191964 0.071429
8 0.200893 0.116071 0.223214 0.223214
8 0.316964 0.220982 0.241071 0.200893
8 0.200893 0.417411 0.205357 0.227679
8 0.046875 0.162946 0.084821 0.209821
8 0.046875 0.656250 0.084821 0.232143
8 0.113839 0.946429 0.218750 0.107143
8 0.401786 0.935268 0.214286 0.129464
8 0.549107 0.944196 0.214286 0.111607
8 0.705357 0.901786 0.223214 0.196429
8 0.575893 0.761161 0.241071 0.227679
8 0.790179 0.707589 0.223214 0.183036
8 0.754464 0.600446 0.196429 0.218750
8 0.948661 0.756696 0.102679 0.236607
8 0.908482 0.946429 0.183036 0.107143
