1 0.511161 0.522321 0.370536 0.383929
8 0.285714 0.274554 0.214286 0.218750
8 0.678571 0.245536 0.241071 0.196429
8 0.866071 0.125000 0.250000 0.223214
8 0.687500 0.040179 0.223214 0.071429
8 0.959821 0.386161 0.080357 0.209821
8 0.912946 0.761161 0.174107 0.227679
8 0.732143 0.683036 0.250000 0.241071
8 0.645089 0.899554 0.254464 0.200893
8 0.441964 0.883929 0.250000 0.214286
8 0.258929 0.870536 0.294643 0.232143
8 0.169643 0.662946 0.276786 0.209821
8 0.142857 0.448661 0.250000 0.218750
8 0.243304 0.084821 0.272321 0.160714
