1 0.500000 0.493304 0.500000 0.397321
1 0.957589 0.803571 0.084821 0.196429
8 0.412946 0.214286 0.218750 0.187500
8 0.279018 0.180804 0.245536 0.254464
8 0.087054 0.102679 0.165179 0.196429
8 0.611607 0.098214 0.205357 0.187500
8 0.796875 0.169643 0.209821 0.196429
8 0.948661 0.267857 0.102679 0.214286
8 0.816964 0.397321 0.258929 0.241071
8 0.959821 0.508929 0.080357 0.187500
8 0.875000 0.662946 0.196429 0.200893
8 0.747768 0.654018 0.209821 0.236607
8 0.555804 0.785714 0.254464 0.196429
8 0.272321 0.700893 0.250000 0.205357
8 0.205357 0.602679 0.214286 0.187500
8 0.066964 0.473214 0.125000 0.205357
8 0.058036 0.636161 0.107143 0.236607
8 0.227679 0.930804 0.250000 0.138393
8 0.049107 0.912946 0.089286 0.174107
8 0.522321 0.948661 0.276786 0.102679
8 0.870536 0.910714 0.205357 0.178571
