1 0.473214 0.508929 0.428571 0.428571
8 0.250000 0.209821 0.223214 0.232143
8 0.075893 0.279018 0.142857 0.236607
8 0.138393 0.611607 0.178571 0.178571
8 0.223214 0.584821 0.187500 0.250000
8 0.479911 0.810268 0.200893 0.218750
8 0.703125 0.805804 0.218750 0.227679
8 0.915179 0.785714 0.169643 0.196429
8 0.924107 0.868304 0.151786 0.165179
8 0.937500 0.591518 0.125000 0.183036
8 0.919643 0.267857 0.160714 0.187500
8 0.794643 0.180804 0.196429 0.200893
8 0.593750 0.107143 0.232143 0.205357
8 0.080357 0.779018 0.151786 0.272321
8 0.263393 0.928571 0.223214 0.142857
8 0.055804 0.959821 0.102679 0.080357
8 0.921875 0.917411 0.156250 0.165179
