1 0.508929 0.524554 0.392857 0.397321
8 0.573661 0.214286 0.227679 0.214286
8 0.328125 0.185268 0.209821 0.218750
8 0.116071 0.104911 0.223214 0.200893
8 0.109375 0.406250 0.209821 0.250000
8 0.174107 0.622768 0.232143 0.218750
8 0.138393 0.767857 0.241071 0.196429
8 0.412946 0.924107 0.236607 0.151786
8 0.736607 0.700893 0.196429 0.223214
8 0.888393 0.832589 0.205357 0.254464
8 0.928571 0.513393 0.142857 0.214286
8 0.774554 0.401786 0.218750 0.250000
8 0.906250 0.267857 0.187500 0.232143
8 0.919643 0.075893 0.160714 0.142857
8 0.718750 0.060268 0.250000 0.111607
8 0.341518 0.033482 0.245536 0.058036
