1 0.491071 0.506696 0.455357 0.477679
8 0.357143 0.180804 0.223214 0.200893
8 0.216518 0.247768 0.245536 0.218750
8 0.171875 0.453125 0.200893 0.183036
8 0.127232 0.756696 0.245536 0.227679
8 0.386161 0.754464 0.209821 0.205357
8 0.533482 0.803571 0.218750 0.232143
8 0.703125 0.915179 0.227679 0.169643
8 0.928571 0.890625 0.142857 0.218750
8 0.178571 0.948661 0.223214 0.102679
8 0.801339 0.453125 0.245536 0.245536
8 0.805804 0.245536 0.272321 0.223214
8 0.638393 0.118304 0.250000 0.227679
8 0.091518 0.058036 0.174107 0.107143
8 0.957589 0.102679 0.084821 0.196429
