1 0.560268 0.493304 0.459821 0.441964
1 0.301339 0.410714 0.066964 0.089286
8 0.245536 0.098214 0.205357 0.187500
8 0.071429 0.037946 0.133929 0.066964
8 0.069196 0.294643 0.129464 0.276786
8 0.232143 0.357143 0.214286 0.250000
8 0.205357 0.598214 0.267857 0.250000
8 0.044643 0.662946 0.080357 0.254464
8 0.118304 0.877232 0.227679 0.245536
8 0.584821 0.104911 0.232143 0.200893
8 0.774554 0.198661 0.218750 0.209821
8 0.948661 0.187500 0.102679 0.214286
8 0.944196 0.071429 0.111607 0.133929
8 0.921875 0.426339 0.156250 0.209821
8 0.863839 0.479911 0.200893 0.272321
8 0.879464 0.696429 0.232143 0.205357
8 0.707589 0.745536 0.272321 0.223214
8 0.410714 0.767857 0.267857 0.241071
8 0.399554 0.953125 0.236607 0.093750
