1 0.473214 0.500000 0.455357 0.392857
8 0.241071 0.265625 0.214286 0.209821
8 0.091518 0.453125 0.174107 0.227679
8 0.203125 0.636161 0.218750 0.254464
8 0.428571 0.816964 0.232143 0.214286
8 0.705357 0.761161 0.232143 0.236607
8 0.888393 0.649554 0.196429 0.263393
8 0.810268 0.399554 0.191964 0.227679
8 0.756696 0.129464 0.200893 0.241071
8 0.640625 0.113839 0.200893 0.174107
8 0.933036 0.301339 0.133929 0.281250
8 0.406250 0.095982 0.187500 0.183036
8 0.180804 0.078125 0.254464 0.147321
8 0.042411 0.212054 0.075893 0.174107
