1 0.495536 0.488839 0.428571 0.388393
8 0.279018 0.203125 0.245536 0.183036
8 0.781250 0.618304 0.214286 0.272321
8 0.883929 0.843750 0.214286 0.232143
8 0.955357 0.589286 0.089286 0.232143
8 0.825893 0.017857 0.169643 0.026786
8 0.979911 0.087054 0.040179 0.147321
8 0.095982 0.368304 0.183036 0.165179
8 0.158482 0.049107 0.218750 0.089286
8 0.408482 0.049107 0.254464 0.089286
8 0.102679 0.560268 0.196429 0.200893
8 0.296875 0.683036 0.254464 0.232143
8 0.287946 0.881696 0.299107 0.183036
8 0.051339 0.848214 0.093750 0.241071
