1 0.511161 0.508929 0.459821 0.464286
8 0.796875 0.308036 0.227679 0.223214
8 0.899554 0.582589 0.200893 0.254464
8 0.761161 0.720982 0.236607 0.200893
8 0.707589 0.939732 0.200893 0.120536
8 0.366071 0.825893 0.241071 0.223214
8 0.183036 0.640625 0.214286 0.218750
8 0.107143 0.937500 0.205357 0.125000
8 0.136161 0.187500 0.236607 0.250000
8 0.055804 0.377232 0.102679 0.227679
8 0.053571 0.591518 0.098214 0.200893
8 0.665179 0.109375 0.241071 0.209821
8 0.888393 0.071429 0.223214 0.133929
8 0.953125 0.285714 0.093750 0.241071
8 0.301339 0.080357 0.200893 0.151786
8 0.493304 0.968750 0.183036 0.062500
8 0.040179 0.837054 0.071429 0.174107
