1 0.486607 0.520089 0.482143 0.450893
8 0.535714 0.819196 0.223214 0.218750
8 0.421875 0.787946 0.254464 0.165179
8 0.359375 0.910714 0.245536 0.178571
8 0.147321 0.850446 0.232143 0.236607
8 0.071429 0.823661 0.133929 0.209821
8 0.107143 0.618304 0.196429 0.191964
8 0.145089 0.506696 0.200893 0.236607
8 0.234375 0.223214 0.227679 0.232143
8 0.290179 0.055804 0.205357 0.102679
8 0.066964 0.046875 0.125000 0.084821
8 0.718750 0.234375 0.241071 0.218750
8 0.962054 0.502232 0.075893 0.183036
8 0.796875 0.658482 0.227679 0.245536
8 0.924107 0.825893 0.151786 0.205357
