1 0.508929 0.482143 0.419643 0.464286
1 0.084821 0.448661 0.089286 0.066964
8 0.200893 0.095982 0.232143 0.183036
8 0.055804 0.116071 0.102679 0.214286
8 0.051339 0.328125 0.093750 0.200893
8 0.122768 0.600446 0.227679 0.191964
8 0.236607 0.767857 0.232143 0.250000
8 0.363839 0.756696 0.200893 0.174107
8 0.537946 0.854911 0.290179 0.183036
8 0.716518 0.689732 0.218750 0.236607
8 0.897321 0.578125 0.205357 0.254464
8 0.763393 0.305804 0.232143 0.236607
8 0.723214 0.111607 0.232143 0.214286
8 0.504464 0.075893 0.241071 0.142857
8 0.770089 0.890625 0.218750 0.218750
8 0.937500 0.868304 0.125000 0.263393
