1 0.506696 0.493304 0.450893 0.424107
8 0.176339 0.404018 0.227679 0.218750
8 0.149554 0.602679 0.209821 0.196429
8 0.283482 0.736607 0.227679 0.214286
8 0.493304 0.812500 0.245536 0.205357
8 0.245536 0.145089 0.241071 0.281250
8 0.058036 0.189732 0.107143 0.218750
8 0.633929 0.142857 0.223214 0.205357
8 0.799107 0.323661 0.223214 0.245536
8 0.910714 0.145089 0.178571 0.236607
8 0.933036 0.468750 0.133929 0.250000
8 0.845982 0.770089 0.209821 0.218750
8 0.921875 0.928571 0.156250 0.142857
8 0.575893 0.948661 0.276786 0.102679
8 0.535714 0.035714 0.214286 0.062500
8 0.042411 0.919643 0.075893 0.160714
8 0.037946 0.665179 0.066964 0.187500
