1 0.515625 0.450893 0.468750 0.455357
8 0.212054 0.330357 0.272321 0.232143
8 0.263393 0.631696 0.214286 0.209821
8 0.332589 0.841518 0.209821 0.209821
8 0.515625 0.747768 0.209821 0.200893
8 0.743304 0.776786 0.218750 0.241071
8 0.486607 0.946429 0.258929 0.107143
8 0.868304 0.537946 0.227679 0.200893
8 0.881696 0.299107 0.209821 0.250000
8 0.732143 0.149554 0.223214 0.263393
8 0.919643 0.082589 0.160714 0.156250
8 0.578125 0.073661 0.227679 0.138393
8 0.341518 0.136161 0.236607 0.191964
8 0.116071 0.125000 0.223214 0.241071
8 0.044643 0.910714 0.080357 0.178571
