1 0.522321 0.502232 0.401786 0.397321
1 0.064732 0.466518 0.111607 0.156250
8 0.285714 0.151786 0.232143 0.169643
8 0.095982 0.082589 0.183036 0.156250
8 0.678571 0.049107 0.276786 0.089286
8 0.310268 0.033482 0.209821 0.058036
8 0.674107 0.223214 0.267857 0.232143
8 0.825893 0.415179 0.223214 0.205357
8 0.955357 0.281250 0.089286 0.232143
8 0.870536 0.678571 0.258929 0.223214
8 0.901786 0.910714 0.196429 0.178571
8 0.513393 0.812500 0.258929 0.196429
8 0.517857 0.926339 0.303571 0.147321
8 0.102679 0.886161 0.196429 0.227679
8 0.116071 0.285714 0.223214 0.223214
