1 0.502232 0.506696 0.397321 0.459821
8 0.178571 0.122768 0.214286 0.236607
8 0.058036 0.287946 0.107143 0.209821
8 0.158482 0.441964 0.209821 0.196429
8 0.107143 0.553571 0.205357 0.187500
8 0.212054 0.698661 0.236607 0.218750
8 0.348214 0.765625 0.241071 0.209821
8 0.187500 0.912946 0.214286 0.174107
8 0.037946 0.866071 0.066964 0.232143
8 0.685268 0.745536 0.245536 0.223214
8 0.866071 0.625000 0.214286 0.223214
8 0.805804 0.395089 0.218750 0.218750
8 0.647321 0.205357 0.258929 0.205357
8 0.399554 0.080357 0.236607 0.151786
8 0.703125 0.053571 0.218750 0.098214
8 0.908482 0.205357 0.183036 0.223214
8 0.926339 0.037946 0.147321 0.066964
8 0.964286 0.785714 0.071429 0.205357
8 0.841518 0.886161 0.209821 0.191964
8 0.687500 0.973214 0.151786 0.053571
