1 0.515625 0.497768 0.370536 0.397321
1 0.627232 0.118304 0.147321 0.084821
1 0.787946 0.209821 0.093750 0.062500
8 0.926339 0.419643 0.147321 0.196429
8 0.939732 0.238839 0.120536 0.183036
8 0.915179 0.154018 0.169643 0.191964
8 0.910714 0.046875 0.178571 0.084821
8 0.511161 0.091518 0.218750 0.174107
8 0.125000 0.073661 0.241071 0.138393
8 0.225446 0.345982 0.227679 0.218750
8 0.200893 0.488839 0.241071 0.191964
8 0.316964 0.850446 0.232143 0.236607
8 0.921875 0.935268 0.156250 0.129464
8 0.033482 0.629464 0.058036 0.187500
8 0.216518 0.736607 0.236607 0.294643
8 0.433036 0.901786 0.196429 0.196429
8 0.060268 0.814732 0.111607 0.263393
