1 0.504464 0.540179 0.375000 0.410714
8 0.462054 0.116071 0.218750 0.223214
8 0.651786 0.236607 0.232143 0.241071
8 0.879464 0.390625 0.214286 0.236607
8 0.270089 0.040179 0.236607 0.071429
8 0.207589 0.457589 0.218750 0.227679
8 0.089286 0.368304 0.169643 0.334821
8 0.223214 0.671875 0.223214 0.200893
8 0.058036 0.640625 0.107143 0.191964
8 0.098214 0.888393 0.187500 0.223214
8 0.379464 0.930804 0.250000 0.138393
8 0.506696 0.845982 0.236607 0.183036
8 0.660714 0.926339 0.232143 0.147321
8 0.841518 0.736607 0.227679 0.223214
8 0.881696 0.944196 0.236607 0.111607
8 0.042411 0.406250 0.075893 0.232143
