1 0.444196 0.535714 0.424107 0.392857
8 0.263393 0.037946 0.214286 0.066964
8 0.104911 0.247768 0.200893 0.227679
8 0.906250 0.250000 0.187500 0.250000
8 0.848214 0.459821 0.223214 0.196429
8 0.758929 0.689732 0.250000 0.245536
8 0.828125 0.832589 0.218750 0.209821
8 0.946429 0.705357 0.107143 0.214286
8 0.959821 0.924107 0.080357 0.151786
8 0.578125 0.830357 0.245536 0.223214
8 0.761161 0.968750 0.218750 0.062500
8 0.323661 0.787946 0.263393 0.227679
8 0.332589 0.915179 0.191964 0.169643
8 0.102679 0.792411 0.196429 0.209821
8 0.091518 0.950893 0.174107 0.098214
8 0.127232 0.582589 0.209821 0.191964
8 0.037946 0.444196 0.066964 0.165179
8 0.397321 0.957589 0.205357 0.084821
