1 0.491071 0.515625 0.446429 0.486607
8 0.223214 0.299107 0.241071 0.214286
8 0.258929 0.093750 0.276786 0.178571
8 0.808036 0.352679 0.241071 0.232143
8 0.779018 0.042411 0.227679 0.075893
8 0.962054 0.455357 0.075893 0.214286
8 0.852679 0.589286 0.223214 0.223214
8 0.758929 0.654018 0.205357 0.236607
8 0.895089 0.814732 0.209821 0.227679
8 0.823661 0.957589 0.200893 0.084821
8 0.504464 0.935268 0.258929 0.129464
8 0.439732 0.790179 0.227679 0.160714
8 0.145089 0.537946 0.245536 0.236607
8 0.051339 0.569196 0.093750 0.227679
8 0.091518 0.875000 0.174107 0.250000
8 0.044643 0.062500 0.080357 0.116071
8 0.957589 0.089286 0.084821 0.169643
8 0.029018 0.904018 0.049107 0.191964
