1 0.468750 0.464286 0.508929 0.446429
8 0.325893 0.089286 0.232143 0.169643
8 0.046875 0.093750 0.084821 0.178571
8 0.203125 0.261161 0.254464 0.200893
8 0.089286 0.328125 0.169643 0.236607
8 0.696429 0.167411 0.241071 0.218750
8 0.830357 0.361607 0.250000 0.214286
8 0.939732 0.129464 0.120536 0.250000
8 0.915179 0.573661 0.169643 0.227679
8 0.875000 0.790179 0.241071 0.214286
8 0.638393 0.727679 0.232143 0.187500
8 0.729911 0.906250 0.209821 0.187500
8 0.390625 0.897321 0.245536 0.205357
8 0.303571 0.691964 0.232143 0.214286
8 0.113839 0.808036 0.218750 0.187500
8 0.084821 0.955357 0.160714 0.089286
