1 0.504464 0.558036 0.428571 0.428571
1 0.756696 0.334821 0.120536 0.142857
8 0.294643 0.276786 0.223214 0.196429
8 0.082589 0.399554 0.156250 0.200893
8 0.238839 0.720982 0.200893 0.218750
8 0.198661 0.845982 0.245536 0.200893
8 0.044643 0.872768 0.080357 0.183036
8 0.607143 0.814732 0.223214 0.191964
8 0.779018 0.750000 0.236607 0.250000
8 0.917411 0.868304 0.165179 0.236607
8 0.926339 0.549107 0.147321 0.187500
8 0.776786 0.098214 0.214286 0.187500
8 0.410714 0.062500 0.241071 0.116071
8 0.131696 0.055804 0.227679 0.102679
8 0.049107 0.162946 0.089286 0.236607
8 0.924107 0.058036 0.151786 0.107143
