1 0.495536 0.513393 0.464286 0.410714
1 0.477679 0.825893 0.276786 0.125000
8 0.553571 0.127232 0.267857 0.200893
8 0.511161 0.212054 0.272321 0.156250
8 0.734375 0.305804 0.245536 0.227679
8 0.857143 0.444196 0.232143 0.218750
8 0.852679 0.098214 0.196429 0.187500
8 0.883929 0.669643 0.223214 0.232143
8 0.636161 0.714286 0.263393 0.196429
8 0.645089 0.852679 0.245536 0.178571
8 0.776786 0.955357 0.223214 0.089286
8 0.410714 0.915179 0.241071 0.169643
8 0.156250 0.930804 0.303571 0.138393
8 0.252232 0.709821 0.245536 0.232143
8 0.122768 0.524554 0.236607 0.236607
8 0.185268 0.071429 0.218750 0.133929
8 0.051339 0.075893 0.093750 0.142857
