1 0.491071 0.116071 0.267857 0.214286
1 0.571429 0.276786 0.089286 0.062500
1 0.185268 0.700893 0.120536 0.098214
1 0.790179 0.919643 0.151786 0.089286
1 0.513393 0.524554 0.464286 0.379464
8 0.354911 0.258929 0.290179 0.258929
8 0.308036 0.071429 0.232143 0.133929
8 0.716518 0.276786 0.254464 0.276786
8 0.796875 0.147321 0.308036 0.250000
8 0.919643 0.319196 0.160714 0.263393
8 0.446429 0.785714 0.250000 0.196429
8 0.540179 0.810268 0.223214 0.236607
8 0.191964 0.810268 0.258929 0.227679
8 0.075893 0.888393 0.142857 0.223214
8 0.078125 0.412946 0.147321 0.254464
8 0.944196 0.821429 0.111607 0.241071
8 0.888393 0.953125 0.214286 0.084821
