1 0.553571 0.491071 0.410714 0.428571
1 0.616071 0.752232 0.089286 0.075893
1 0.292411 0.854911 0.093750 0.075893
1 0.524554 0.801339 0.084821 0.102679
1 0.558036 0.973214 0.062500 0.053571
8 0.421875 0.136161 0.254464 0.254464
8 0.165179 0.158482 0.232143 0.236607
8 0.225446 0.379464 0.263393 0.241071
8 0.149554 0.667411 0.281250 0.263393
8 0.089286 0.953125 0.169643 0.093750
8 0.426339 0.801339 0.200893 0.200893
8 0.363839 0.948661 0.281250 0.102679
8 0.805804 0.754464 0.272321 0.294643
8 0.953125 0.627232 0.093750 0.218750
8 0.941964 0.381696 0.116071 0.263393
8 0.950893 0.120536 0.098214 0.232143
8 0.774554 0.069196 0.290179 0.129464
