1 0.497768 0.482143 0.361607 0.375000
1 0.937500 0.069196 0.125000 0.129464
1 0.886161 0.671875 0.093750 0.093750
1 0.850446 0.803571 0.093750 0.053571
1 0.966518 0.750000 0.066964 0.107143
8 0.267857 0.252232 0.196429 0.209821
8 0.281250 0.125000 0.187500 0.187500
8 0.341518 0.091518 0.227679 0.174107
8 0.087054 0.176339 0.165179 0.227679
8 0.645089 0.040179 0.227679 0.071429
8 0.714286 0.191964 0.241071 0.223214
8 0.908482 0.482143 0.183036 0.223214
8 0.444196 0.752232 0.316964 0.245536
8 0.209821 0.709821 0.232143 0.214286
8 0.122768 0.656250 0.209821 0.196429
8 0.075893 0.875000 0.142857 0.214286
8 0.446429 0.953125 0.196429 0.093750
8 0.602679 0.904018 0.187500 0.191964
8 0.783482 0.924107 0.174107 0.151786
8 0.944196 0.919643 0.111607 0.160714
