1 0.504464 0.511161 0.419643 0.433036
1 0.087054 0.337054 0.075893 0.066964
1 0.745536 0.147321 0.169643 0.098214
8 0.330357 0.200893 0.258929 0.232143
8 0.419643 0.127232 0.205357 0.245536
8 0.109375 0.049107 0.209821 0.089286
8 0.825893 0.285714 0.241071 0.250000
8 0.886161 0.470982 0.209821 0.290179
8 0.816964 0.049107 0.250000 0.089286
8 0.962054 0.109375 0.075893 0.209821
8 0.895089 0.743304 0.209821 0.245536
8 0.700893 0.736607 0.258929 0.232143
8 0.352679 0.819196 0.276786 0.254464
8 0.752232 0.919643 0.245536 0.160714
8 0.524554 0.946429 0.236607 0.107143
8 0.127232 0.662946 0.245536 0.254464
8 0.082589 0.756696 0.156250 0.227679
