1 0.495536 0.497768 0.419643 0.415179
8 0.310268 0.196429 0.218750 0.205357
8 0.087054 0.071429 0.165179 0.133929
8 0.089286 0.308036 0.169643 0.214286
8 0.091518 0.537946 0.174107 0.209821
8 0.183036 0.718750 0.250000 0.178571
8 0.763393 0.850446 0.205357 0.218750
8 0.912946 0.687500 0.174107 0.223214
8 0.941964 0.941964 0.116071 0.116071
8 0.944196 0.470982 0.111607 0.191964
8 0.819196 0.383929 0.191964 0.214286
8 0.801339 0.433036 0.191964 0.187500
8 0.723214 0.218750 0.232143 0.196429
8 0.796875 0.167411 0.236607 0.200893
8 0.921875 0.049107 0.156250 0.089286
8 0.950893 0.272321 0.098214 0.196429
