1 0.517857 0.520089 0.392857 0.397321
8 0.319196 0.279018 0.227679 0.209821
8 0.651786 0.220982 0.276786 0.183036
8 0.799107 0.366071 0.223214 0.187500
8 0.895089 0.136161 0.209821 0.209821
8 0.714286 0.073661 0.232143 0.138393
8 0.218750 0.100446 0.223214 0.191964
8 0.098214 0.497768 0.187500 0.236607
8 0.194196 0.575893 0.245536 0.223214
8 0.381696 0.770089 0.218750 0.191964
8 0.578125 0.765625 0.191964 0.183036
8 0.725446 0.892857 0.209821 0.187500
8 0.770089 0.792411 0.200893 0.183036
8 0.941964 0.629464 0.116071 0.214286
8 0.957589 0.332589 0.084821 0.227679
8 0.921875 0.917411 0.156250 0.165179
8 0.227679 0.895089 0.196429 0.191964
8 0.158482 0.933036 0.200893 0.133929
8 0.408482 0.959821 0.200893 0.080357
