1 0.500000 0.500000 0.419643 0.410714
1 0.167411 0.504464 0.102679 0.080357
8 0.111607 0.265625 0.214286 0.254464
8 0.109375 0.631696 0.209821 0.254464
8 0.227679 0.763393 0.232143 0.223214
8 0.225446 0.915179 0.191964 0.169643
8 0.477679 0.906250 0.205357 0.169643
8 0.410714 0.946429 0.178571 0.107143
8 0.729911 0.700893 0.200893 0.205357
8 0.819196 0.687500 0.191964 0.169643
8 0.962054 0.703125 0.075893 0.209821
8 0.910714 0.937500 0.178571 0.125000
8 0.707589 0.959821 0.227679 0.080357
8 0.861607 0.383929 0.214286 0.196429
8 0.955357 0.205357 0.089286 0.187500
8 0.770089 0.109375 0.236607 0.183036
8 0.912946 0.051339 0.174107 0.093750
8 0.622768 0.185268 0.236607 0.191964
8 0.453125 0.051339 0.236607 0.093750
8 0.290179 0.136161 0.205357 0.218750
8 0.200893 0.026786 0.250000 0.044643
8 0.031250 0.852679 0.053571 0.169643
