1 0.500000 0.504464 0.375000 0.401786
1 0.785714 0.029018 0.107143 0.049107
8 0.430804 0.183036 0.218750 0.232143
8 0.904018 0.149554 0.191964 0.227679
8 0.895089 0.482143 0.183036 0.196429
8 0.805804 0.529018 0.191964 0.245536
8 0.216518 0.345982 0.183036 0.191964
8 0.216518 0.611607 0.209821 0.241071
8 0.064732 0.636161 0.120536 0.236607
8 0.058036 0.165179 0.107143 0.205357
8 0.220982 0.125000 0.200893 0.223214
8 0.435268 0.901786 0.227679 0.196429
8 0.227679 0.959821 0.214286 0.080357
8 0.723214 0.915179 0.214286 0.169643
8 0.948661 0.895089 0.102679 0.209821
