1 0.493304 0.495536 0.388393 0.375000
1 0.111607 0.741071 0.098214 0.107143
8 0.863839 0.484375 0.236607 0.227679
8 0.921875 0.714286 0.156250 0.250000
8 0.732143 0.745536 0.223214 0.241071
8 0.250000 0.752232 0.250000 0.218750
8 0.154018 0.926339 0.227679 0.147321
8 0.408482 0.906250 0.263393 0.187500
8 0.051339 0.526786 0.093750 0.223214
8 0.140625 0.375000 0.245536 0.232143
8 0.189732 0.154018 0.272321 0.227679
8 0.084821 0.046875 0.160714 0.084821
8 0.441964 0.064732 0.205357 0.120536
8 0.649554 0.098214 0.209821 0.187500
8 0.837054 0.066964 0.227679 0.125000
8 0.919643 0.198661 0.160714 0.236607
8 0.812500 0.953125 0.223214 0.093750
