1 0.500000 0.508929 0.464286 0.464286
8 0.372768 0.183036 0.209821 0.232143
8 0.162946 0.122768 0.209821 0.200893
8 0.745536 0.113839 0.223214 0.209821
8 0.912946 0.330357 0.174107 0.205357
8 0.845982 0.520089 0.218750 0.218750
8 0.794643 0.636161 0.214286 0.200893
8 0.113839 0.357143 0.218750 0.241071
8 0.118304 0.575893 0.227679 0.178571
8 0.270089 0.712054 0.227679 0.200893
8 0.104911 0.823661 0.200893 0.227679
8 0.343750 0.890625 0.223214 0.200893
8 0.667411 0.796875 0.272321 0.200893
8 0.522321 0.948661 0.223214 0.102679
8 0.736607 0.946429 0.205357 0.107143
8 0.917411 0.899554 0.165179 0.200893
8 0.035714 0.162946 0.062500 0.174107
8 0.979911 0.544643 0.040179 0.196429
