1 0.500000 0.508929 0.446429 0.428571
8 0.089286 0.254464 0.169643 0.232143
8 0.176339 0.437500 0.200893 0.241071
8 0.171875 0.625000 0.236607 0.223214
8 0.229911 0.866071 0.245536 0.241071
8 0.464286 0.883929 0.241071 0.232143
8 0.633929 0.776786 0.205357 0.214286
8 0.848214 0.779018 0.214286 0.218750
8 0.803571 0.366071 0.214286 0.258929
8 0.716518 0.084821 0.218750 0.160714
8 0.415179 0.042411 0.223214 0.075893
8 0.102679 0.042411 0.196429 0.075893
8 0.953125 0.109375 0.093750 0.191964
8 0.794643 0.973214 0.178571 0.053571
8 0.973214 0.323661 0.053571 0.200893
