1 0.495536 0.517857 0.348214 0.392857
1 0.933036 0.479911 0.133929 0.174107
8 0.575893 0.160714 0.276786 0.241071
8 0.810268 0.558036 0.245536 0.294643
8 0.868304 0.712054 0.227679 0.218750
8 0.714286 0.883929 0.241071 0.223214
8 0.497768 0.944196 0.227679 0.111607
8 0.258929 0.872768 0.232143 0.218750
8 0.078125 0.897321 0.147321 0.205357
8 0.078125 0.645089 0.147321 0.236607
8 0.093750 0.544643 0.178571 0.187500
8 0.229911 0.368304 0.209821 0.245536
8 0.064732 0.319196 0.120536 0.191964
8 0.075893 0.218750 0.142857 0.151786
8 0.247768 0.125000 0.227679 0.214286
8 0.265625 0.667411 0.209821 0.209821
