1 0.533482 0.537946 0.424107 0.424107
1 0.401786 0.801339 0.107143 0.058036
1 0.183036 0.950893 0.214286 0.098214
1 0.194196 0.466518 0.111607 0.066964
1 0.263393 0.564732 0.116071 0.147321
1 0.183036 0.558036 0.062500 0.080357
1 0.468750 0.033482 0.098214 0.004464
1 0.649554 0.031250 0.165179 0.044643
8 0.234375 0.189732 0.218750 0.200893
8 0.350446 0.185268 0.200893 0.236607
8 0.089286 0.223214 0.169643 0.223214
8 0.031250 0.093750 0.053571 0.178571
8 0.258929 0.042411 0.232143 0.075893
8 0.776786 0.212054 0.312500 0.272321
8 0.828125 0.500000 0.245536 0.258929
8 0.816964 0.613839 0.214286 0.183036
8 0.957589 0.662946 0.084821 0.272321
8 0.848214 0.928571 0.250000 0.142857
8 0.555804 0.832589 0.254464 0.200893
8 0.234375 0.763393 0.209821 0.258929
8 0.082589 0.685268 0.156250 0.236607
8 0.051339 0.564732 0.093750 0.165179
8 0.125000 0.533482 0.187500 0.245536
8 0.511161 0.948661 0.165179 0.102679
