1 0.502232 0.524554 0.397321 0.415179
1 0.410714 0.935268 0.098214 0.084821
1 0.247768 0.200893 0.093750 0.062500
8 0.104911 0.339286 0.147321 0.205357
8 0.207589 0.357143 0.209821 0.241071
8 0.638393 0.113839 0.241071 0.209821
8 0.812500 0.359375 0.196429 0.245536
8 0.872768 0.497768 0.236607 0.245536
8 0.904018 0.055804 0.191964 0.102679
8 0.680804 0.763393 0.272321 0.223214
8 0.421875 0.881696 0.254464 0.236607
8 0.109375 0.810268 0.209821 0.200893
8 0.819196 0.895089 0.209821 0.209821
8 0.955357 0.723214 0.089286 0.214286
