1 0.486607 0.486607 0.392857 0.419643
8 0.694196 0.102679 0.236607 0.196429
8 0.781250 0.033482 0.178571 0.058036
8 0.941964 0.147321 0.116071 0.187500
8 0.314732 0.194196 0.209821 0.200893
8 0.267857 0.281250 0.223214 0.178571
8 0.098214 0.183036 0.187500 0.205357
8 0.354911 0.046875 0.200893 0.084821
8 0.178571 0.033482 0.178571 0.058036
8 0.073661 0.482143 0.138393 0.223214
8 0.118304 0.707589 0.227679 0.218750
8 0.252232 0.904018 0.209821 0.156250
8 0.171875 0.948661 0.218750 0.102679
8 0.475446 0.839286 0.236607 0.187500
8 0.553571 0.890625 0.232143 0.191964
8 0.783482 0.667411 0.218750 0.227679
8 0.870536 0.564732 0.205357 0.218750
8 0.801339 0.883929 0.272321 0.214286
8 0.924107 0.908482 0.151786 0.183036
8 0.953125 0.062500 0.093750 0.116071
8 0.964286 0.386161 0.071429 0.236607
