1 0.484375 0.502232 0.433036 0.441964
1 0.770089 0.435268 0.075893 0.093750
8 0.055804 0.082589 0.102679 0.156250
8 0.216518 0.111607 0.209821 0.178571
8 0.290179 0.267857 0.214286 0.178571
8 0.167411 0.433036 0.218750 0.178571
8 0.102679 0.361607 0.196429 0.187500
8 0.042411 0.560268 0.075893 0.209821
8 0.107143 0.703125 0.205357 0.183036
8 0.225446 0.852679 0.209821 0.205357
8 0.178571 0.968750 0.178571 0.062500
8 0.437500 0.810268 0.232143 0.227679
8 0.571429 0.921875 0.223214 0.156250
8 0.705357 0.926339 0.258929 0.147321
8 0.674107 0.741071 0.205357 0.223214
8 0.879464 0.790179 0.232143 0.241071
8 0.794643 0.575893 0.187500 0.214286
8 0.879464 0.381696 0.232143 0.227679
8 0.935268 0.238839 0.129464 0.200893
8 0.714286 0.207589 0.205357 0.209821
8 0.515625 0.149554 0.218750 0.227679
8 0.444196 0.031250 0.218750 0.053571
8 0.890625 0.060268 0.218750 0.111607
