1 0.169643 0.332589 0.330357 0.406250
1 0.495536 0.611607 0.401786 0.419643
1 0.794643 0.497768 0.107143 0.102679
8 0.444196 0.267857 0.227679 0.250000
8 0.658482 0.212054 0.218750 0.254464
8 0.883929 0.236607 0.232143 0.232143
8 0.870536 0.069196 0.223214 0.129464
8 0.892857 0.674107 0.214286 0.258929
8 0.457589 0.915179 0.236607 0.169643
8 0.250000 0.921875 0.232143 0.156250
8 0.073661 0.935268 0.138393 0.129464
8 0.080357 0.752232 0.151786 0.236607
8 0.089286 0.078125 0.169643 0.147321
8 0.308036 0.075893 0.232143 0.142857
8 0.446429 0.968750 0.178571 0.062500
