1 0.220982 0.366071 0.093750 0.089286
1 0.497768 0.506696 0.415179 0.424107
1 0.821429 0.640625 0.071429 0.075893
8 0.301339 0.142857 0.218750 0.214286
8 0.837054 0.227679 0.191964 0.214286
8 0.816964 0.100446 0.205357 0.191964
8 0.933036 0.602679 0.133929 0.241071
8 0.933036 0.895089 0.133929 0.209821
8 0.720982 0.941964 0.227679 0.116071
8 0.448661 0.823661 0.218750 0.191964
8 0.564732 0.828125 0.174107 0.200893
8 0.285714 0.950893 0.232143 0.098214
8 0.111607 0.886161 0.214286 0.209821
8 0.091518 0.613839 0.174107 0.254464
8 0.093750 0.348214 0.178571 0.250000
