1 0.495536 0.488839 0.473214 0.433036
8 0.138393 0.225446 0.267857 0.236607
8 0.100446 0.060268 0.191964 0.111607
8 0.370536 0.066964 0.205357 0.125000
8 0.743304 0.299107 0.254464 0.214286
8 0.810268 0.194196 0.272321 0.227679
8 0.926339 0.082589 0.147321 0.156250
8 0.877232 0.524554 0.191964 0.227679
8 0.178571 0.482143 0.232143 0.223214
8 0.053571 0.685268 0.098214 0.209821
8 0.160714 0.761161 0.241071 0.209821
8 0.053571 0.921875 0.098214 0.156250
8 0.408482 0.926339 0.227679 0.147321
8 0.551339 0.783482 0.272321 0.191964
8 0.386161 0.734375 0.209821 0.200893
8 0.841518 0.895089 0.200893 0.209821
8 0.939732 0.904018 0.120536 0.191964
