1 0.506696 0.504464 0.406250 0.383929
1 0.801339 0.720982 0.058036 0.075893
1 0.116071 0.573661 0.080357 0.066964
1 0.950893 0.522321 0.080357 0.053571
8 0.783482 0.332589 0.254464 0.227679
8 0.685268 0.120536 0.263393 0.232143
8 0.904018 0.031250 0.191964 0.053571
8 0.127232 0.178571 0.245536 0.250000
8 0.185268 0.419643 0.245536 0.276786
8 0.287946 0.754464 0.281250 0.258929
8 0.071429 0.779018 0.133929 0.254464
8 0.093750 0.957589 0.178571 0.084821
8 0.404018 0.962054 0.200893 0.075893
8 0.633929 0.890625 0.250000 0.218750
8 0.875000 0.854911 0.214286 0.200893
8 0.946429 0.709821 0.107143 0.223214
8 0.808036 0.571429 0.205357 0.214286
