1 0.486607 0.544643 0.401786 0.410714
1 0.763393 0.549107 0.080357 0.062500
1 0.801339 0.366071 0.093750 0.080357
1 0.613839 0.234375 0.084821 0.066964
8 0.316964 0.089286 0.250000 0.169643
8 0.118304 0.178571 0.218750 0.223214
8 0.145089 0.424107 0.227679 0.223214
8 0.176339 0.640625 0.218750 0.218750
8 0.040179 0.566964 0.071429 0.214286
8 0.111607 0.881696 0.214286 0.236607
8 0.595982 0.944196 0.245536 0.111607
8 0.821429 0.899554 0.241071 0.200893
8 0.805804 0.696429 0.227679 0.214286
8 0.879464 0.506696 0.205357 0.245536
8 0.915179 0.321429 0.169643 0.223214
8 0.861607 0.066964 0.187500 0.125000
8 0.968750 0.785714 0.062500 0.178571
8 0.970982 0.399554 0.058036 0.200893
8 0.975446 0.656250 0.049107 0.160714
