1 0.493304 0.522321 0.459821 0.437500
1 0.433036 0.089286 0.107143 0.142857
1 0.256696 0.247768 0.066964 0.066964
8 0.082589 0.520089 0.156250 0.227679
8 0.216518 0.671875 0.191964 0.209821
8 0.138393 0.872768 0.258929 0.209821
8 0.399554 0.801339 0.236607 0.209821
8 0.506696 0.944196 0.218750 0.111607
8 0.709821 0.883929 0.223214 0.214286
8 0.770089 0.667411 0.183036 0.191964
8 0.801339 0.524554 0.165179 0.245536
8 0.928571 0.712054 0.142857 0.227679
8 0.941964 0.921875 0.116071 0.156250
8 0.937500 0.399554 0.125000 0.218750
8 0.790179 0.292411 0.205357 0.227679
8 0.897321 0.107143 0.187500 0.205357
8 0.678571 0.075893 0.205357 0.142857
8 0.560268 0.055804 0.147321 0.102679
8 0.095982 0.116071 0.183036 0.214286
8 0.196429 0.375000 0.214286 0.196429
8 0.399554 0.205357 0.218750 0.223214
