1 0.493304 0.540179 0.441964 0.392857
8 0.129464 0.178571 0.250000 0.232143
8 0.080357 0.386161 0.151786 0.209821
8 0.198661 0.470982 0.200893 0.218750
8 0.270089 0.779018 0.272321 0.218750
8 0.080357 0.837054 0.151786 0.245536
8 0.312500 0.946429 0.258929 0.107143
8 0.569196 0.919643 0.281250 0.160714
8 0.738839 0.785714 0.290179 0.214286
8 0.892857 0.910714 0.214286 0.178571
8 0.837054 0.558036 0.236607 0.214286
8 0.745536 0.323661 0.241071 0.218750
8 0.917411 0.227679 0.165179 0.250000
8 0.781250 0.104911 0.223214 0.200893
8 0.551339 0.180804 0.254464 0.227679
8 0.477679 0.040179 0.241071 0.071429
8 0.241071 0.029018 0.196429 0.049107
