1 0.430804 0.455357 0.370536 0.375000
8 0.185268 0.303571 0.200893 0.178571
8 0.236607 0.629464 0.223214 0.214286
8 0.421875 0.808036 0.227679 0.223214
8 0.678571 0.868304 0.276786 0.209821
8 0.671875 0.665179 0.209821 0.205357
8 0.870536 0.611607 0.223214 0.258929
8 0.792411 0.361607 0.263393 0.276786
8 0.602679 0.169643 0.258929 0.223214
8 0.830357 0.129464 0.250000 0.232143
8 0.075893 0.140625 0.142857 0.272321
8 0.439732 0.044643 0.290179 0.080357
8 0.051339 0.390625 0.093750 0.218750
8 0.062500 0.620536 0.116071 0.223214
8 0.959821 0.926339 0.080357 0.147321
8 0.104911 0.966518 0.156250 0.066964
