2 0.491071 0.504464 0.250000 0.285714
2 0.511161 0.901786 0.209821 0.196429
8 0.308036 0.316964 0.214286 0.196429
8 0.247768 0.104911 0.245536 0.200893
8 0.308036 0.546875 0.232143 0.245536
8 0.448661 0.705357 0.200893 0.169643
8 0.357143 0.805804 0.214286 0.218750
8 0.051339 0.930804 0.093750 0.138393
8 0.832589 0.758929 0.218750 0.250000
8 0.812500 0.529018 0.223214 0.200893
8 0.955357 0.473214 0.089286 0.214286
8 0.861607 0.080357 0.151786 0.151786
8 0.970982 0.098214 0.058036 0.187500
8 0.765625 0.924107 0.236607 0.151786
