2 0.540179 0.504464 0.151786 0.187500
2 0.821429 0.069196 0.160714 0.084821
2 0.926339 0.526786 0.058036 0.071429
2 0.214286 0.042411 0.089286 0.075893
2 0.316964 0.049107 0.107143 0.080357
8 0.718750 0.270089 0.223214 0.209821
8 0.917411 0.151786 0.165179 0.250000
8 0.314732 0.200893 0.227679 0.196429
8 0.102679 0.395089 0.196429 0.227679
8 0.305804 0.537946 0.218750 0.245536
8 0.343750 0.763393 0.223214 0.205357
8 0.279018 0.895089 0.254464 0.209821
8 0.613839 0.756696 0.236607 0.245536
8 0.928571 0.783482 0.142857 0.272321
8 0.075893 0.765625 0.142857 0.316964
8 0.084821 0.962054 0.160714 0.075893
8 0.087054 0.042411 0.165179 0.075893
8 0.785714 0.479911 0.214286 0.227679
8 0.979911 0.348214 0.040179 0.133929
8 0.953125 0.091518 0.093750 0.174107
