2 0.508929 0.495536 0.428571 0.375000
8 0.299107 0.200893 0.223214 0.232143
8 0.272321 0.069196 0.241071 0.129464
8 0.776786 0.162946 0.214286 0.174107
8 0.879464 0.142857 0.196429 0.214286
8 0.658482 0.053571 0.272321 0.098214
8 0.102679 0.258929 0.196429 0.205357
8 0.131696 0.491071 0.183036 0.241071
8 0.058036 0.464286 0.107143 0.187500
8 0.091518 0.747768 0.174107 0.245536
8 0.296875 0.676339 0.218750 0.236607
8 0.828125 0.421875 0.183036 0.200893
8 0.779018 0.616071 0.200893 0.187500
8 0.955357 0.477679 0.089286 0.205357
8 0.888393 0.792411 0.187500 0.183036
8 0.683036 0.841518 0.187500 0.227679
8 0.589286 0.866071 0.178571 0.232143
8 0.328125 0.901786 0.227679 0.196429
8 0.087054 0.948661 0.165179 0.102679
8 0.890625 0.950893 0.218750 0.098214
