2 0.455357 0.513393 0.196429 0.187500
8 0.613839 0.241071 0.218750 0.214286
8 0.816964 0.292411 0.187500 0.254464
8 0.933036 0.542411 0.133929 0.209821
8 0.924107 0.162946 0.151786 0.138393
8 0.968750 0.332589 0.062500 0.156250
8 0.839286 0.053571 0.250000 0.098214
8 0.089286 0.127232 0.169643 0.209821
8 0.136161 0.341518 0.209821 0.227679
8 0.241071 0.522321 0.223214 0.205357
8 0.580357 0.725446 0.205357 0.272321
8 0.743304 0.506696 0.200893 0.218750
8 0.823661 0.834821 0.200893 0.258929
8 0.564732 0.933036 0.218750 0.133929
8 0.299107 0.879464 0.276786 0.241071
