2 0.493304 0.491071 0.183036 0.241071
8 0.419643 0.160714 0.214286 0.196429
8 0.877232 0.348214 0.227679 0.250000
8 0.796875 0.589286 0.227679 0.205357
8 0.738839 0.848214 0.254464 0.232143
8 0.176339 0.654018 0.209821 0.165179
8 0.095982 0.816964 0.183036 0.250000
8 0.325893 0.953125 0.250000 0.093750
8 0.062500 0.435268 0.116071 0.236607
8 0.189732 0.299107 0.236607 0.196429
8 0.595982 0.080357 0.183036 0.151786
8 0.787946 0.055804 0.227679 0.102679
8 0.279018 0.042411 0.191964 0.075893
8 0.049107 0.109375 0.089286 0.209821
