2 0.506696 0.495536 0.272321 0.294643
8 0.464286 0.247768 0.214286 0.183036
8 0.647321 0.116071 0.214286 0.223214
8 0.915179 0.395089 0.169643 0.236607
8 0.741071 0.441964 0.205357 0.196429
8 0.868304 0.125000 0.227679 0.241071
8 0.292411 0.051339 0.218750 0.093750
8 0.080357 0.406250 0.151786 0.205357
8 0.136161 0.591518 0.263393 0.272321
8 0.370536 0.696429 0.250000 0.321429
8 0.625000 0.705357 0.250000 0.223214
8 0.843750 0.618304 0.196429 0.218750
8 0.734375 0.901786 0.218750 0.187500
8 0.522321 0.957589 0.232143 0.084821
8 0.225446 0.933036 0.209821 0.133929
