2 0.522321 0.506696 0.419643 0.406250
8 0.428571 0.154018 0.169643 0.209821
8 0.725446 0.111607 0.209821 0.214286
8 0.930804 0.341518 0.138393 0.263393
8 0.810268 0.555804 0.200893 0.227679
8 0.049107 0.491071 0.089286 0.205357
8 0.323661 0.799107 0.218750 0.250000
8 0.734375 0.776786 0.209821 0.241071
8 0.716518 0.946429 0.245536 0.107143
8 0.955357 0.035714 0.089286 0.062500
8 0.107143 0.529018 0.205357 0.209821
8 0.162946 0.589286 0.218750 0.196429
8 0.812500 0.457589 0.187500 0.191964
8 0.502232 0.183036 0.218750 0.187500
