2 0.515625 0.524554 0.299107 0.334821
8 0.854911 0.542411 0.290179 0.281250
8 0.703125 0.316964 0.263393 0.223214
8 0.714286 0.154018 0.250000 0.245536
8 0.921875 0.305804 0.156250 0.218750
8 0.930804 0.191964 0.138393 0.285714
8 0.450893 0.191964 0.250000 0.223214
8 0.408482 0.084821 0.245536 0.160714
8 0.200893 0.183036 0.232143 0.214286
8 0.310268 0.363839 0.218750 0.218750
8 0.062500 0.437500 0.116071 0.205357
8 0.080357 0.352679 0.151786 0.232143
8 0.082589 0.044643 0.156250 0.080357
8 0.651786 0.763393 0.258929 0.223214
8 0.901786 0.801339 0.196429 0.254464
8 0.772321 0.941964 0.267857 0.116071
8 0.482143 0.946429 0.241071 0.107143
8 0.341518 0.747768 0.263393 0.254464
8 0.104911 0.803571 0.191964 0.223214
8 0.075893 0.881696 0.142857 0.236607
8 0.214286 0.962054 0.205357 0.075893
