2 0.502232 0.504464 0.263393 0.294643
8 0.763393 0.504464 0.250000 0.205357
8 0.890625 0.299107 0.218750 0.205357
8 0.957589 0.729911 0.084821 0.200893
8 0.600446 0.928571 0.281250 0.142857
8 0.404018 0.752232 0.236607 0.209821
8 0.084821 0.553571 0.160714 0.214286
8 0.227679 0.258929 0.187500 0.178571
8 0.428571 0.254464 0.187500 0.205357
8 0.810268 0.109375 0.245536 0.191964
8 0.598214 0.060268 0.223214 0.111607
8 0.232143 0.058036 0.330357 0.107143
8 0.946429 0.633929 0.107143 0.178571
8 0.107143 0.477679 0.187500 0.169643
