2 0.511161 0.506696 0.334821 0.325893
8 0.810268 0.531250 0.245536 0.258929
8 0.866071 0.196429 0.258929 0.276786
8 0.220982 0.303571 0.316964 0.160714
8 0.196429 0.549107 0.241071 0.276786
8 0.042411 0.180804 0.075893 0.218750
8 0.082589 0.738839 0.156250 0.191964
8 0.377232 0.803571 0.254464 0.214286
8 0.645089 0.725446 0.227679 0.183036
8 0.839286 0.924107 0.241071 0.151786
8 0.189732 0.968750 0.191964 0.062500
8 0.053571 0.910714 0.098214 0.178571
8 0.620536 0.968750 0.142857 0.062500
8 0.031250 0.430804 0.053571 0.183036
