2 0.549107 0.491071 0.312500 0.250000
2 0.651786 0.118304 0.392857 0.227679
8 0.258929 0.526786 0.241071 0.223214
8 0.359375 0.687500 0.218750 0.223214
8 0.308036 0.957589 0.214286 0.084821
8 0.544643 0.921875 0.294643 0.156250
8 0.732143 0.906250 0.169643 0.187500
8 0.892857 0.879464 0.214286 0.241071
8 0.910714 0.640625 0.178571 0.218750
8 0.709821 0.598214 0.241071 0.258929
8 0.915179 0.417411 0.169643 0.209821
8 0.839286 0.263393 0.205357 0.285714
8 0.921875 0.127232 0.156250 0.245536
8 0.618304 0.332589 0.299107 0.254464
8 0.437500 0.238839 0.187500 0.254464
8 0.279018 0.087054 0.290179 0.165179
8 0.104911 0.122768 0.200893 0.236607
