2 0.493304 0.497768 0.397321 0.343750
8 0.725446 0.100446 0.147321 0.183036
8 0.571429 0.046875 0.178571 0.084821
8 0.198661 0.080357 0.218750 0.151786
8 0.296875 0.279018 0.218750 0.209821
8 0.252232 0.495536 0.209821 0.223214
8 0.810268 0.642857 0.236607 0.250000
8 0.946429 0.805804 0.107143 0.174107
8 0.779018 0.895089 0.254464 0.209821
8 0.535714 0.928571 0.196429 0.142857
8 0.316964 0.924107 0.205357 0.151786
8 0.104911 0.912946 0.200893 0.174107
8 0.915179 0.026786 0.160714 0.044643
8 0.026786 0.428571 0.044643 0.214286
