2 0.495536 0.504464 0.330357 0.205357
8 0.468750 0.258929 0.196429 0.223214
8 0.705357 0.145089 0.205357 0.209821
8 0.917411 0.236607 0.165179 0.232143
8 0.801339 0.386161 0.236607 0.218750
8 0.698661 0.598214 0.209821 0.223214
8 0.948661 0.522321 0.102679 0.223214
8 0.861607 0.763393 0.250000 0.214286
8 0.674107 0.919643 0.303571 0.160714
8 0.392857 0.669643 0.250000 0.187500
8 0.174107 0.729911 0.214286 0.227679
8 0.147321 0.941964 0.169643 0.116071
8 0.308036 0.046875 0.151786 0.084821
8 0.520089 0.026786 0.200893 0.044643
