2 0.500000 0.477679 0.321429 0.294643
2 0.162946 0.564732 0.316964 0.281250
2 0.406250 0.162946 0.098214 0.066964
8 0.845982 0.290179 0.209821 0.232143
8 0.933036 0.602679 0.133929 0.223214
8 0.750000 0.627232 0.232143 0.209821
8 0.611607 0.785714 0.214286 0.205357
8 0.359375 0.707589 0.245536 0.218750
8 0.075893 0.803571 0.142857 0.214286
8 0.341518 0.906250 0.236607 0.187500
8 0.604911 0.946429 0.236607 0.107143
8 0.863839 0.950893 0.209821 0.098214
8 0.082589 0.281250 0.156250 0.241071
8 0.107143 0.049107 0.205357 0.089286
8 0.968750 0.044643 0.062500 0.080357
8 0.165179 0.970982 0.160714 0.058036
8 0.979911 0.895089 0.040179 0.147321
