2 0.502232 0.502232 0.370536 0.334821
8 0.256696 0.633929 0.209821 0.214286
8 0.127232 0.441964 0.200893 0.196429
8 0.040179 0.562500 0.071429 0.285714
8 0.462054 0.084821 0.281250 0.160714
8 0.810268 0.312500 0.209821 0.214286
8 0.758929 0.372768 0.187500 0.191964
8 0.955357 0.437500 0.089286 0.178571
8 0.930804 0.102679 0.138393 0.196429
8 0.761161 0.629464 0.209821 0.196429
8 0.649554 0.776786 0.236607 0.196429
8 0.921875 0.783482 0.156250 0.209821
8 0.863839 0.866071 0.200893 0.205357
8 0.752232 0.935268 0.218750 0.129464
8 0.506696 0.953125 0.200893 0.093750
8 0.301339 0.921875 0.200893 0.156250
8 0.104911 0.966518 0.174107 0.066964
