2 0.513393 0.515625 0.330357 0.334821
8 0.223214 0.502232 0.196429 0.209821
8 0.310268 0.776786 0.191964 0.205357
8 0.060268 0.683036 0.111607 0.160714
8 0.084821 0.861607 0.160714 0.214286
8 0.569196 0.801339 0.236607 0.245536
8 0.776786 0.462054 0.187500 0.183036
8 0.636161 0.243304 0.245536 0.209821
8 0.814732 0.095982 0.191964 0.183036
8 0.910714 0.303571 0.178571 0.285714
8 0.854911 0.899554 0.218750 0.200893
8 0.107143 0.283482 0.205357 0.191964
8 0.312500 0.180804 0.196429 0.174107
8 0.464286 0.089286 0.178571 0.169643
8 0.058036 0.058036 0.107143 0.107143
