2 0.506696 0.504464 0.299107 0.294643
8 0.745536 0.631696 0.223214 0.200893
8 0.910714 0.479911 0.178571 0.218750
8 0.948661 0.580357 0.102679 0.214286
8 0.819196 0.901786 0.227679 0.196429
8 0.555804 0.781250 0.227679 0.232143
8 0.412946 0.926339 0.209821 0.147321
8 0.167411 0.602679 0.236607 0.223214
8 0.069196 0.558036 0.129464 0.205357
8 0.078125 0.279018 0.147321 0.263393
8 0.220982 0.334821 0.165179 0.178571
8 0.497768 0.225446 0.254464 0.245536
8 0.408482 0.140625 0.227679 0.209821
8 0.220982 0.082589 0.272321 0.156250
