2 0.502232 0.508929 0.236607 0.169643
2 0.301339 0.075893 0.165179 0.142857
8 0.098214 0.220982 0.187500 0.227679
8 0.055804 0.363839 0.102679 0.200893
8 0.254464 0.357143 0.214286 0.196429
8 0.207589 0.504464 0.290179 0.214286
8 0.200893 0.734375 0.151786 0.325893
8 0.064732 0.767857 0.120536 0.285714
8 0.709821 0.584821 0.223214 0.267857
8 0.598214 0.696429 0.205357 0.196429
8 0.685268 0.765625 0.227679 0.200893
8 0.750000 0.899554 0.187500 0.165179
8 0.912946 0.756696 0.174107 0.209821
8 0.919643 0.941964 0.160714 0.116071
8 0.915179 0.457589 0.169643 0.281250
8 0.912946 0.129464 0.174107 0.250000
8 0.765625 0.066964 0.191964 0.125000
8 0.511161 0.120536 0.254464 0.232143
8 0.066964 0.053571 0.125000 0.098214
