2 0.506696 0.486607 0.316964 0.419643
2 0.051339 0.087054 0.093750 0.111607
2 0.178571 0.408482 0.116071 0.174107
8 0.718750 0.187500 0.214286 0.223214
8 0.917411 0.194196 0.165179 0.191964
8 0.908482 0.417411 0.183036 0.218750
8 0.712054 0.593750 0.200893 0.196429
8 0.345982 0.716518 0.254464 0.218750
8 0.122768 0.609375 0.209821 0.227679
8 0.055804 0.805804 0.102679 0.218750
8 0.350446 0.910714 0.236607 0.178571
8 0.649554 0.895089 0.191964 0.209821
8 0.908482 0.895089 0.183036 0.209821
8 0.149554 0.212054 0.236607 0.200893
8 0.071429 0.388393 0.133929 0.223214
8 0.709821 0.049107 0.205357 0.089286
8 0.774554 0.973214 0.111607 0.053571
