2 0.500000 0.500000 0.357143 0.339286
8 0.707589 0.075893 0.227679 0.142857
8 0.899554 0.178571 0.200893 0.241071
8 0.948661 0.392857 0.102679 0.223214
8 0.939732 0.611607 0.120536 0.223214
8 0.950893 0.848214 0.098214 0.250000
8 0.758929 0.866071 0.232143 0.258929
8 0.779018 0.558036 0.209821 0.294643
8 0.544643 0.843750 0.205357 0.214286
8 0.305804 0.872768 0.290179 0.254464
8 0.091518 0.654018 0.174107 0.200893
8 0.187500 0.426339 0.267857 0.290179
8 0.361607 0.203125 0.214286 0.218750
8 0.386161 0.044643 0.245536 0.080357
8 0.087054 0.133929 0.165179 0.241071
