2 0.491071 0.511161 0.258929 0.343750
8 0.082589 0.118304 0.156250 0.227679
8 0.142857 0.477679 0.258929 0.232143
8 0.361607 0.642857 0.232143 0.205357
8 0.531250 0.750000 0.241071 0.178571
8 0.533482 0.875000 0.218750 0.125000
8 0.698661 0.928571 0.227679 0.142857
8 0.337054 0.908482 0.245536 0.183036
8 0.924107 0.294643 0.151786 0.267857
8 0.935268 0.716518 0.129464 0.227679
8 0.750000 0.386161 0.169643 0.200893
8 0.609375 0.040179 0.218750 0.071429
8 0.957589 0.933036 0.084821 0.133929
8 0.116071 0.392857 0.178571 0.187500
