2 0.504464 0.502232 0.312500 0.308036
8 0.526786 0.136161 0.214286 0.209821
8 0.698661 0.310268 0.236607 0.218750
8 0.734375 0.078125 0.245536 0.147321
8 0.886161 0.564732 0.227679 0.245536
8 0.787946 0.799107 0.218750 0.232143
8 0.352679 0.787946 0.214286 0.236607
8 0.104911 0.854911 0.200893 0.254464
8 0.426339 0.959821 0.209821 0.080357
8 0.642857 0.953125 0.178571 0.093750
8 0.243304 0.062500 0.236607 0.116071
8 0.035714 0.051339 0.062500 0.093750
8 0.962054 0.062500 0.075893 0.116071
8 0.029018 0.660714 0.049107 0.187500
