2 0.491071 0.502232 0.321429 0.325893
8 0.223214 0.401786 0.276786 0.303571
8 0.109375 0.198661 0.209821 0.209821
8 0.183036 0.049107 0.196429 0.089286
8 0.734375 0.292411 0.236607 0.227679
8 0.758929 0.573661 0.223214 0.227679
8 0.837054 0.484375 0.227679 0.218750
8 0.955357 0.111607 0.089286 0.205357
8 0.709821 0.799107 0.241071 0.196429
8 0.558036 0.765625 0.241071 0.227679
8 0.258929 0.841518 0.276786 0.245536
8 0.607143 0.946429 0.232143 0.107143
8 0.890625 0.915179 0.218750 0.169643
8 0.089286 0.877232 0.169643 0.245536
8 0.758929 0.073661 0.276786 0.138393
