2 0.504464 0.508929 0.250000 0.232143
2 0.921875 0.700893 0.156250 0.089286
8 0.256696 0.265625 0.245536 0.236607
8 0.462054 0.294643 0.227679 0.232143
8 0.488839 0.093750 0.245536 0.178571
8 0.720982 0.122768 0.254464 0.236607
8 0.852679 0.537946 0.241071 0.200893
8 0.736607 0.593750 0.258929 0.232143
8 0.524554 0.736607 0.272321 0.241071
8 0.319196 0.819196 0.236607 0.209821
8 0.131696 0.687500 0.209821 0.205357
8 0.091518 0.926339 0.174107 0.147321
8 0.736607 0.939732 0.232143 0.120536
8 0.906250 0.933036 0.187500 0.133929
