2 0.537946 0.491071 0.227679 0.196429
8 0.839286 0.314732 0.241071 0.254464
8 0.812500 0.691964 0.250000 0.258929
8 0.875000 0.801339 0.196429 0.236607
8 0.591518 0.805804 0.218750 0.227679
8 0.350446 0.888393 0.290179 0.223214
8 0.205357 0.629464 0.294643 0.205357
8 0.292411 0.417411 0.263393 0.254464
8 0.573661 0.191964 0.218750 0.250000
8 0.754464 0.089286 0.258929 0.169643
8 0.368304 0.107143 0.227679 0.205357
8 0.120536 0.055804 0.232143 0.102679
8 0.084821 0.254464 0.160714 0.250000
8 0.566964 0.955357 0.169643 0.089286
