2 0.506696 0.522321 0.245536 0.339286
8 0.645089 0.187500 0.200893 0.223214
8 0.837054 0.142857 0.147321 0.205357
8 0.450893 0.084821 0.223214 0.160714
8 0.116071 0.272321 0.223214 0.267857
8 0.131696 0.741071 0.227679 0.241071
8 0.214286 0.930804 0.250000 0.138393
8 0.473214 0.948661 0.223214 0.102679
8 0.560268 0.810268 0.254464 0.183036
8 0.830357 0.872768 0.214286 0.218750
8 0.930804 0.930804 0.138393 0.138393
8 0.750000 0.665179 0.232143 0.223214
8 0.852679 0.508929 0.214286 0.178571
8 0.937500 0.354911 0.125000 0.209821
