2 0.504464 0.493304 0.294643 0.290179
8 0.098214 0.448661 0.187500 0.227679
8 0.142857 0.212054 0.258929 0.263393
8 0.558036 0.140625 0.223214 0.236607
8 0.727679 0.424107 0.205357 0.223214
8 0.906250 0.263393 0.187500 0.258929
8 0.857143 0.656250 0.205357 0.258929
8 0.890625 0.055804 0.218750 0.102679
8 0.694196 0.732143 0.191964 0.223214
8 0.526786 0.774554 0.214286 0.272321
8 0.323661 0.718750 0.209821 0.232143
8 0.270089 0.515625 0.191964 0.236607
8 0.129464 0.705357 0.187500 0.232143
8 0.049107 0.892857 0.089286 0.214286
8 0.283482 0.912946 0.245536 0.174107
