2 0.508929 0.540179 0.294643 0.267857
8 0.575893 0.158482 0.214286 0.200893
8 0.308036 0.154018 0.250000 0.254464
8 0.232143 0.455357 0.250000 0.241071
8 0.044643 0.377232 0.080357 0.200893
8 0.064732 0.232143 0.120536 0.196429
8 0.736607 0.546875 0.205357 0.290179
8 0.895089 0.354911 0.209821 0.263393
8 0.950893 0.111607 0.098214 0.205357
8 0.915179 0.609375 0.169643 0.281250
8 0.787946 0.814732 0.281250 0.227679
8 0.546875 0.861607 0.263393 0.258929
8 0.296875 0.843750 0.245536 0.241071
8 0.087054 0.821429 0.165179 0.232143
8 0.120536 0.062500 0.205357 0.116071
