2 0.493304 0.511161 0.254464 0.254464
8 0.843750 0.408482 0.169643 0.174107
8 0.870536 0.618304 0.214286 0.209821
8 0.892857 0.852679 0.196429 0.196429
8 0.957589 0.361607 0.084821 0.160714
8 0.794643 0.093750 0.169643 0.178571
8 0.580357 0.113839 0.187500 0.191964
8 0.366071 0.229911 0.169643 0.200893
8 0.312500 0.337054 0.169643 0.227679
8 0.145089 0.169643 0.218750 0.214286
8 0.125000 0.381696 0.151786 0.209821
8 0.303571 0.636161 0.232143 0.227679
8 0.647321 0.694196 0.187500 0.254464
8 0.433036 0.854911 0.241071 0.209821
8 0.227679 0.830357 0.169643 0.241071
