2 0.486607 0.526786 0.169643 0.214286
8 0.343750 0.334821 0.241071 0.232143
8 0.558036 0.194196 0.223214 0.200893
8 0.810268 0.205357 0.254464 0.196429
8 0.718750 0.055804 0.205357 0.102679
8 0.669643 0.428571 0.223214 0.223214
8 0.830357 0.562500 0.232143 0.205357
8 0.627232 0.758929 0.245536 0.267857
8 0.883929 0.890625 0.232143 0.218750
8 0.372768 0.801339 0.174107 0.227679
8 0.535714 0.937500 0.223214 0.125000
8 0.185268 0.941964 0.227679 0.116071
8 0.102679 0.765625 0.196429 0.227679
8 0.040179 0.104911 0.071429 0.191964
8 0.029018 0.345982 0.049107 0.191964
