2 0.486607 0.549107 0.383929 0.294643
8 0.386161 0.352679 0.263393 0.178571
8 0.571429 0.258929 0.205357 0.205357
8 0.714286 0.392857 0.294643 0.241071
8 0.910714 0.529018 0.178571 0.236607
8 0.814732 0.700893 0.227679 0.214286
8 0.950893 0.799107 0.098214 0.241071
8 0.754464 0.875000 0.258929 0.250000
8 0.930804 0.198661 0.138393 0.218750
8 0.747768 0.154018 0.272321 0.299107
8 0.379464 0.080357 0.241071 0.151786
8 0.113839 0.102679 0.218750 0.196429
8 0.107143 0.669643 0.205357 0.214286
8 0.069196 0.562500 0.129464 0.196429
8 0.232143 0.883929 0.232143 0.232143
8 0.435268 0.935268 0.209821 0.129464
