2 0.468750 0.486607 0.276786 0.348214
2 0.939732 0.720982 0.120536 0.174107
8 0.426339 0.216518 0.209821 0.218750
8 0.247768 0.075893 0.254464 0.142857
8 0.162946 0.475446 0.236607 0.245536
8 0.044643 0.319196 0.080357 0.165179
8 0.308036 0.732143 0.223214 0.312500
8 0.544643 0.875000 0.285714 0.250000
8 0.296875 0.950893 0.209821 0.098214
8 0.084821 0.962054 0.160714 0.075893
8 0.752232 0.558036 0.245536 0.258929
8 0.933036 0.506696 0.133929 0.200893
8 0.926339 0.290179 0.147321 0.223214
8 0.921875 0.082589 0.156250 0.156250
8 0.651786 0.026786 0.250000 0.044643
