2 0.500000 0.484375 0.285714 0.272321
8 0.102679 0.116071 0.196429 0.223214
8 0.328125 0.109375 0.245536 0.209821
8 0.477679 0.227679 0.276786 0.250000
8 0.263393 0.361607 0.214286 0.366071
8 0.104911 0.332589 0.200893 0.245536
8 0.761161 0.515625 0.236607 0.308036
8 0.928571 0.444196 0.142857 0.272321
8 0.895089 0.738839 0.209821 0.290179
8 0.627232 0.776786 0.361607 0.294643
8 0.508929 0.926339 0.250000 0.147321
8 0.319196 0.810268 0.245536 0.299107
8 0.100446 0.841518 0.191964 0.316964
8 0.042411 0.566964 0.075893 0.187500
