2 0.455357 0.544643 0.151786 0.196429
8 0.424107 0.154018 0.250000 0.191964
8 0.410714 0.305804 0.267857 0.227679
8 0.127232 0.283482 0.245536 0.245536
8 0.178571 0.064732 0.250000 0.120536
8 0.254464 0.526786 0.214286 0.241071
8 0.439732 0.799107 0.281250 0.205357
8 0.700893 0.718750 0.223214 0.250000
8 0.906250 0.709821 0.187500 0.241071
8 0.683036 0.941964 0.169643 0.116071
8 0.319196 0.941964 0.165179 0.116071
8 0.116071 0.875000 0.223214 0.250000
8 0.055804 0.607143 0.102679 0.196429
8 0.921875 0.486607 0.156250 0.187500
8 0.901786 0.308036 0.151786 0.169643
8 0.770089 0.238839 0.129464 0.111607
8 0.669643 0.084821 0.250000 0.160714
