2 0.450893 0.526786 0.258929 0.232143
8 0.120536 0.189732 0.232143 0.218750
8 0.149554 0.062500 0.236607 0.116071
8 0.372768 0.062500 0.236607 0.116071
8 0.578125 0.111607 0.236607 0.205357
8 0.066964 0.562500 0.125000 0.214286
8 0.245536 0.716518 0.214286 0.263393
8 0.299107 0.928571 0.196429 0.142857
8 0.058036 0.926339 0.107143 0.147321
8 0.584821 0.928571 0.267857 0.142857
8 0.656250 0.745536 0.241071 0.196429
8 0.705357 0.665179 0.250000 0.214286
8 0.886161 0.854911 0.227679 0.218750
8 0.919643 0.602679 0.160714 0.223214
