2 0.504464 0.515625 0.410714 0.379464
8 0.392857 0.207589 0.294643 0.245536
8 0.118304 0.109375 0.227679 0.209821
8 0.274554 0.071429 0.299107 0.133929
8 0.116071 0.343750 0.223214 0.285714
8 0.196429 0.477679 0.241071 0.232143
8 0.131696 0.689732 0.254464 0.200893
8 0.104911 0.901786 0.200893 0.196429
8 0.404018 0.861607 0.263393 0.276786
8 0.669643 0.767857 0.330357 0.267857
8 0.694196 0.953125 0.236607 0.093750
8 0.908482 0.712054 0.183036 0.325893
8 0.910714 0.941964 0.178571 0.116071
8 0.803571 0.491071 0.241071 0.258929
8 0.895089 0.314732 0.209821 0.209821
8 0.964286 0.102679 0.071429 0.187500
