2 0.495536 0.504464 0.232143 0.241071
8 0.671875 0.194196 0.227679 0.227679
8 0.453125 0.243304 0.227679 0.209821
8 0.241071 0.328125 0.232143 0.218750
8 0.095982 0.247768 0.183036 0.245536
8 0.138393 0.073661 0.196429 0.138393
8 0.899554 0.212054 0.200893 0.209821
8 0.908482 0.379464 0.183036 0.196429
8 0.953125 0.080357 0.093750 0.151786
8 0.794643 0.607143 0.258929 0.196429
8 0.919643 0.839286 0.160714 0.214286
8 0.591518 0.832589 0.209821 0.227679
8 0.412946 0.698661 0.156250 0.200893
8 0.154018 0.537946 0.218750 0.200893
8 0.263393 0.930804 0.196429 0.138393
8 0.332589 0.024554 0.156250 0.040179
8 0.674107 0.970982 0.169643 0.058036
