2 0.508929 0.580357 0.321429 0.294643
8 0.645089 0.341518 0.263393 0.254464
8 0.703125 0.154018 0.209821 0.174107
8 0.236607 0.464286 0.250000 0.250000
8 0.433036 0.866071 0.250000 0.267857
8 0.868304 0.803571 0.263393 0.241071
8 0.939732 0.433036 0.120536 0.285714
8 0.941964 0.205357 0.116071 0.169643
8 0.410714 0.214286 0.214286 0.196429
8 0.517857 0.078125 0.214286 0.147321
8 0.185268 0.167411 0.227679 0.236607
8 0.049107 0.084821 0.089286 0.160714
8 0.062500 0.562500 0.116071 0.196429
8 0.089286 0.669643 0.169643 0.223214
8 0.808036 0.973214 0.160714 0.053571
8 0.102679 0.973214 0.196429 0.053571
