2 0.491071 0.491071 0.276786 0.267857
2 0.162946 0.566964 0.066964 0.080357
8 0.776786 0.100446 0.232143 0.191964
8 0.674107 0.312500 0.196429 0.196429
8 0.723214 0.540179 0.205357 0.205357
8 0.921875 0.558036 0.156250 0.205357
8 0.957589 0.102679 0.084821 0.196429
8 0.546875 0.091518 0.218750 0.174107
8 0.328125 0.037946 0.218750 0.066964
8 0.102679 0.080357 0.196429 0.151786
8 0.093750 0.294643 0.178571 0.214286
8 0.279018 0.372768 0.191964 0.183036
8 0.069196 0.526786 0.129464 0.205357
8 0.319196 0.812500 0.209821 0.223214
8 0.669643 0.839286 0.223214 0.214286
8 0.950893 0.910714 0.098214 0.178571
