2 0.497768 0.602679 0.334821 0.267857
2 0.450893 0.370536 0.116071 0.169643
8 0.441964 0.185268 0.267857 0.236607
8 0.283482 0.250000 0.263393 0.241071
8 0.678571 0.386161 0.285714 0.245536
8 0.854911 0.238839 0.218750 0.200893
8 0.886161 0.078125 0.227679 0.147321
8 0.191964 0.053571 0.258929 0.098214
8 0.075893 0.687500 0.142857 0.241071
8 0.285714 0.694196 0.223214 0.272321
8 0.319196 0.917411 0.263393 0.165179
8 0.622768 0.946429 0.236607 0.107143
8 0.696429 0.761161 0.267857 0.236607
8 0.042411 0.238839 0.075893 0.183036
