2 0.502232 0.511161 0.263393 0.352679
8 0.712054 0.379464 0.191964 0.187500
8 0.919643 0.497768 0.160714 0.263393
8 0.941964 0.763393 0.116071 0.223214
8 0.783482 0.718750 0.174107 0.205357
8 0.227679 0.642857 0.223214 0.258929
8 0.140625 0.859375 0.209821 0.209821
8 0.370536 0.955357 0.205357 0.089286
8 0.194196 0.388393 0.245536 0.196429
8 0.348214 0.256696 0.250000 0.200893
8 0.582589 0.156250 0.263393 0.258929
8 0.897321 0.125000 0.205357 0.187500
8 0.270089 0.071429 0.290179 0.133929
8 0.062500 0.283482 0.116071 0.316964
