2 0.500000 0.502232 0.178571 0.209821
2 0.866071 0.191964 0.080357 0.062500
8 0.381696 0.263393 0.245536 0.250000
8 0.281250 0.071429 0.241071 0.133929
8 0.127232 0.200893 0.245536 0.241071
8 0.238839 0.560268 0.227679 0.236607
8 0.368304 0.743304 0.254464 0.227679
8 0.591518 0.698661 0.236607 0.227679
8 0.736607 0.502232 0.250000 0.236607
8 0.738839 0.238839 0.236607 0.236607
8 0.544643 0.089286 0.258929 0.169643
8 0.933036 0.254464 0.133929 0.250000
8 0.908482 0.636161 0.183036 0.218750
8 0.897321 0.933036 0.205357 0.133929
8 0.575893 0.924107 0.241071 0.151786
8 0.187500 0.959821 0.205357 0.080357
8 0.790179 0.053571 0.187500 0.098214
