2 0.513393 0.502232 0.383929 0.379464
8 0.225446 0.375000 0.209821 0.223214
8 0.171875 0.604911 0.227679 0.209821
8 0.125000 0.685268 0.241071 0.236607
8 0.051339 0.410714 0.093750 0.232143
8 0.118304 0.040179 0.183036 0.071429
8 0.401786 0.243304 0.214286 0.200893
8 0.696429 0.093750 0.232143 0.178571
8 0.895089 0.200893 0.209821 0.223214
8 0.718750 0.296875 0.223214 0.191964
8 0.863839 0.508929 0.245536 0.258929
8 0.761161 0.685268 0.209821 0.191964
8 0.638393 0.774554 0.205357 0.200893
8 0.412946 0.796875 0.209821 0.183036
8 0.508929 0.953125 0.223214 0.093750
8 0.926339 0.901786 0.147321 0.187500
