2 0.515625 0.520089 0.281250 0.281250
2 0.133929 0.270089 0.250000 0.325893
8 0.435268 0.122768 0.308036 0.227679
8 0.285714 0.546875 0.178571 0.227679
8 0.127232 0.524554 0.245536 0.165179
8 0.160714 0.685268 0.223214 0.191964
8 0.160714 0.899554 0.241071 0.200893
8 0.531250 0.935268 0.205357 0.129464
8 0.633929 0.669643 0.285714 0.241071
8 0.732143 0.808036 0.223214 0.160714
8 0.781250 0.926339 0.285714 0.147321
8 0.901786 0.645089 0.196429 0.236607
8 0.957589 0.147321 0.084821 0.241071
8 0.843750 0.022321 0.187500 0.035714
