2 0.506696 0.504464 0.272321 0.294643
8 0.439732 0.120536 0.236607 0.214286
8 0.200893 0.107143 0.214286 0.205357
8 0.069196 0.245536 0.129464 0.205357
8 0.254464 0.316964 0.196429 0.178571
8 0.111607 0.511161 0.214286 0.191964
8 0.314732 0.794643 0.218750 0.223214
8 0.642857 0.765625 0.223214 0.245536
8 0.689732 0.662946 0.138393 0.183036
8 0.892857 0.598214 0.196429 0.214286
8 0.899554 0.819196 0.200893 0.245536
8 0.084821 0.955357 0.160714 0.089286
8 0.890625 0.354911 0.218750 0.236607
8 0.892857 0.046875 0.214286 0.084821
