2 0.479911 0.524554 0.272321 0.236607
8 0.200893 0.294643 0.258929 0.250000
8 0.330357 0.310268 0.241071 0.183036
8 0.604911 0.227679 0.227679 0.214286
8 0.683036 0.176339 0.223214 0.209821
8 0.805804 0.399554 0.290179 0.263393
8 0.899554 0.169643 0.200893 0.241071
8 0.410714 0.095982 0.223214 0.183036
8 0.180804 0.058036 0.191964 0.107143
8 0.116071 0.540179 0.223214 0.232143
8 0.109375 0.801339 0.209821 0.227679
8 0.125000 0.908482 0.241071 0.183036
8 0.542411 0.763393 0.245536 0.250000
8 0.796875 0.805804 0.236607 0.263393
8 0.843750 0.685268 0.214286 0.218750
8 0.919643 0.658482 0.160714 0.263393
8 0.948661 0.921875 0.102679 0.156250
