2 0.495536 0.495536 0.241071 0.241071
8 0.214286 0.232143 0.223214 0.196429
8 0.283482 0.457589 0.174107 0.218750
8 0.136161 0.640625 0.263393 0.227679
8 0.075893 0.395089 0.142857 0.254464
8 0.705357 0.154018 0.223214 0.218750
8 0.919643 0.084821 0.160714 0.160714
8 0.716518 0.406250 0.227679 0.223214
8 0.935268 0.517857 0.129464 0.232143
8 0.671875 0.703125 0.245536 0.272321
8 0.877232 0.888393 0.245536 0.223214
8 0.419643 0.770089 0.187500 0.218750
8 0.247768 0.895089 0.218750 0.209821
8 0.060268 0.848214 0.111607 0.214286
