2 0.506696 0.508929 0.254464 0.285714
8 0.765625 0.410714 0.227679 0.232143
8 0.718750 0.698661 0.250000 0.218750
8 0.618304 0.921875 0.200893 0.156250
8 0.459821 0.761161 0.205357 0.218750
8 0.263393 0.859375 0.232143 0.191964
8 0.145089 0.957589 0.200893 0.084821
8 0.232143 0.645089 0.223214 0.200893
8 0.044643 0.758929 0.080357 0.223214
8 0.140625 0.446429 0.227679 0.205357
8 0.178571 0.250000 0.187500 0.178571
8 0.553571 0.236607 0.223214 0.241071
8 0.888393 0.205357 0.223214 0.223214
8 0.658482 0.031250 0.174107 0.053571
