2 0.497768 0.502232 0.281250 0.308036
2 0.078125 0.279018 0.102679 0.111607
2 0.609375 0.138393 0.102679 0.080357
2 0.290179 0.479911 0.062500 0.058036
8 0.879464 0.299107 0.241071 0.267857
8 0.830357 0.622768 0.232143 0.254464
8 0.578125 0.725446 0.272321 0.236607
8 0.272321 0.700893 0.267857 0.258929
8 0.138393 0.895089 0.267857 0.209821
8 0.370536 0.941964 0.232143 0.116071
8 0.116071 0.482143 0.223214 0.294643
8 0.330357 0.294643 0.267857 0.241071
8 0.410714 0.084821 0.214286 0.160714
8 0.160714 0.044643 0.241071 0.080357
