2 0.508929 0.488839 0.348214 0.325893
8 0.236607 0.388393 0.205357 0.196429
8 0.062500 0.361607 0.116071 0.151786
8 0.071429 0.488839 0.133929 0.183036
8 0.167411 0.111607 0.200893 0.205357
8 0.770089 0.080357 0.209821 0.151786
8 0.888393 0.274554 0.196429 0.245536
8 0.948661 0.375000 0.102679 0.250000
8 0.805804 0.551339 0.200893 0.236607
8 0.872768 0.787946 0.236607 0.218750
8 0.767857 0.930804 0.232143 0.138393
8 0.415179 0.924107 0.250000 0.151786
8 0.100446 0.779018 0.191964 0.218750
8 0.111607 0.935268 0.214286 0.129464
