2 0.504464 0.520089 0.366071 0.388393
8 0.678571 0.254464 0.232143 0.232143
8 0.886161 0.194196 0.200893 0.218750
8 0.915179 0.399554 0.169643 0.218750
8 0.948661 0.625000 0.102679 0.178571
8 0.930804 0.919643 0.138393 0.160714
8 0.439732 0.904018 0.209821 0.191964
8 0.158482 0.912946 0.227679 0.174107
8 0.093750 0.604911 0.178571 0.183036
8 0.209821 0.462054 0.223214 0.200893
8 0.247768 0.258929 0.209821 0.196429
8 0.444196 0.129464 0.245536 0.196429
8 0.078125 0.140625 0.147321 0.200893
8 0.598214 0.031250 0.160714 0.053571
