2 0.504464 0.504464 0.285714 0.258929
8 0.390625 0.084821 0.263393 0.160714
8 0.609375 0.122768 0.191964 0.227679
8 0.801339 0.104911 0.174107 0.200893
8 0.935268 0.468750 0.129464 0.205357
8 0.716518 0.506696 0.200893 0.227679
8 0.852679 0.622768 0.169643 0.200893
8 0.915179 0.881696 0.169643 0.236607
8 0.645089 0.906250 0.281250 0.187500
8 0.417411 0.953125 0.200893 0.093750
8 0.212054 0.787946 0.245536 0.218750
8 0.125000 0.924107 0.205357 0.151786
8 0.084821 0.484375 0.160714 0.209821
8 0.035714 0.700893 0.062500 0.178571
