2 0.502232 0.477679 0.272321 0.276786
8 0.607143 0.290179 0.232143 0.214286
8 0.785714 0.475446 0.205357 0.254464
8 0.953125 0.558036 0.093750 0.241071
8 0.915179 0.910714 0.169643 0.178571
8 0.285714 0.656250 0.223214 0.205357
8 0.109375 0.439732 0.209821 0.200893
8 0.312500 0.323661 0.223214 0.218750
8 0.136161 0.082589 0.263393 0.156250
8 0.571429 0.058036 0.241071 0.107143
8 0.770089 0.165179 0.200893 0.169643
8 0.921875 0.265625 0.156250 0.209821
8 0.904018 0.044643 0.191964 0.080357
8 0.549107 0.950893 0.241071 0.098214
