2 0.479911 0.520089 0.272321 0.290179
2 0.058036 0.745536 0.107143 0.312500
2 0.544643 0.218750 0.089286 0.089286
2 0.687500 0.325893 0.071429 0.098214
8 0.265625 0.397321 0.209821 0.214286
8 0.169643 0.470982 0.223214 0.209821
8 0.383929 0.745536 0.232143 0.223214
8 0.544643 0.763393 0.205357 0.169643
8 0.616071 0.689732 0.196429 0.209821
8 0.843750 0.575893 0.312500 0.276786
8 0.763393 0.890625 0.285714 0.218750
8 0.169643 0.926339 0.250000 0.147321
8 0.658482 0.316964 0.227679 0.250000
8 0.935268 0.383929 0.129464 0.187500
8 0.948661 0.198661 0.102679 0.218750
8 0.781250 0.140625 0.241071 0.209821
8 0.700893 0.026786 0.205357 0.044643
