2 0.524554 0.500000 0.200893 0.232143
8 0.725446 0.104911 0.245536 0.200893
8 0.613839 0.151786 0.218750 0.205357
8 0.495536 0.276786 0.205357 0.223214
8 0.377232 0.075893 0.200893 0.142857
8 0.323661 0.415179 0.200893 0.241071
8 0.183036 0.651786 0.214286 0.223214
8 0.064732 0.406250 0.120536 0.241071
8 0.064732 0.781250 0.120536 0.187500
8 0.082589 0.941964 0.156250 0.116071
8 0.312500 0.910714 0.214286 0.178571
8 0.419643 0.812500 0.250000 0.223214
8 0.613839 0.955357 0.200893 0.089286
8 0.645089 0.872768 0.227679 0.209821
8 0.926339 0.897321 0.147321 0.205357
8 0.915179 0.770089 0.169643 0.183036
