2 0.517857 0.504464 0.294643 0.330357
2 0.136161 0.165179 0.129464 0.062500
8 0.236607 0.430804 0.214286 0.236607
8 0.127232 0.645089 0.245536 0.227679
8 0.042411 0.779018 0.075893 0.183036
8 0.305804 0.915179 0.254464 0.169643
8 0.566964 0.937500 0.223214 0.125000
8 0.837054 0.627232 0.191964 0.272321
8 0.964286 0.491071 0.071429 0.232143
8 0.774554 0.397321 0.209821 0.223214
8 0.627232 0.236607 0.191964 0.187500
8 0.895089 0.203125 0.209821 0.263393
8 0.080357 0.051339 0.151786 0.093750
8 0.035714 0.377232 0.062500 0.245536
