2 0.180804 0.477679 0.316964 0.419643
2 0.513393 0.553571 0.241071 0.267857
2 0.812500 0.082589 0.089286 0.102679
8 0.426339 0.281250 0.209821 0.205357
8 0.620536 0.156250 0.223214 0.187500
8 0.685268 0.337054 0.200893 0.200893
8 0.834821 0.506696 0.214286 0.218750
8 0.904018 0.292411 0.191964 0.209821
8 0.314732 0.064732 0.200893 0.120536
8 0.241071 0.772321 0.214286 0.205357
8 0.075893 0.830357 0.142857 0.223214
8 0.850446 0.718750 0.227679 0.187500
8 0.848214 0.928571 0.205357 0.142857
8 0.915179 0.935268 0.169643 0.129464
8 0.410714 0.959821 0.187500 0.080357
8 0.796875 0.055804 0.209821 0.102679
