3 0.526786 0.515625 0.508929 0.486607
8 0.810268 0.154018 0.218750 0.174107
8 0.857143 0.392857 0.214286 0.250000
8 0.845982 0.845982 0.183036 0.245536
8 0.908482 0.821429 0.183036 0.196429
8 0.625000 0.870536 0.223214 0.196429
8 0.397321 0.868304 0.169643 0.236607
8 0.216518 0.727679 0.227679 0.241071
8 0.075893 0.808036 0.142857 0.223214
8 0.064732 0.540179 0.120536 0.241071
8 0.129464 0.256696 0.250000 0.245536
8 0.448661 0.156250 0.236607 0.205357
8 0.131696 0.062500 0.254464 0.116071
8 0.029018 0.323661 0.049107 0.165179
8 0.955357 0.964286 0.089286 0.071429
