3 0.491071 0.531250 0.330357 0.383929
8 0.649554 0.267857 0.200893 0.205357
8 0.761161 0.421875 0.227679 0.209821
8 0.892857 0.609375 0.169643 0.236607
8 0.910714 0.799107 0.178571 0.160714
8 0.544643 0.912946 0.178571 0.174107
8 0.511161 0.852679 0.183036 0.196429
8 0.109375 0.685268 0.183036 0.236607
8 0.194196 0.544643 0.120536 0.178571
8 0.100446 0.919643 0.191964 0.160714
8 0.352679 0.247768 0.214286 0.209821
8 0.310268 0.178571 0.174107 0.169643
8 0.075893 0.167411 0.142857 0.209821
8 0.250000 0.064732 0.205357 0.120536
8 0.591518 0.058036 0.245536 0.107143
8 0.732143 0.107143 0.169643 0.151786
8 0.904018 0.232143 0.191964 0.196429
8 0.116071 0.587054 0.187500 0.183036
8 0.950893 0.078125 0.098214 0.147321
8 0.080357 0.031250 0.151786 0.053571
8 0.080357 0.955357 0.151786 0.089286
8 0.968750 0.944196 0.062500 0.111607
