3 0.486607 0.508929 0.410714 0.366071
3 0.058036 0.337054 0.089286 0.075893
8 0.357143 0.252232 0.241071 0.227679
8 0.102679 0.169643 0.196429 0.178571
8 0.109375 0.468750 0.209821 0.205357
8 0.758929 0.419643 0.178571 0.205357
8 0.785714 0.627232 0.187500 0.236607
8 0.937500 0.694196 0.125000 0.236607
8 0.917411 0.328125 0.165179 0.218750
8 0.912946 0.049107 0.174107 0.089286
8 0.738839 0.883929 0.227679 0.214286
8 0.468750 0.026786 0.250000 0.044643
8 0.955357 0.055804 0.089286 0.102679
8 0.504464 0.897321 0.169643 0.160714
8 0.058036 0.962054 0.107143 0.075893
8 0.341518 0.977679 0.120536 0.044643
