3 0.459821 0.535714 0.383929 0.375000
8 0.705357 0.299107 0.241071 0.232143
8 0.877232 0.154018 0.200893 0.191964
8 0.758929 0.515625 0.196429 0.200893
8 0.830357 0.566964 0.205357 0.205357
8 0.647321 0.741071 0.205357 0.178571
8 0.897321 0.906250 0.205357 0.187500
8 0.683036 0.935268 0.187500 0.129464
8 0.508929 0.877232 0.276786 0.183036
8 0.267857 0.747768 0.232143 0.218750
8 0.069196 0.752232 0.129464 0.209821
8 0.069196 0.933036 0.129464 0.133929
8 0.200893 0.075893 0.232143 0.142857
8 0.720982 0.024554 0.156250 0.040179
