3 0.511161 0.508929 0.334821 0.357143
8 0.553571 0.120536 0.214286 0.214286
8 0.127232 0.113839 0.245536 0.209821
8 0.162946 0.312500 0.218750 0.223214
8 0.254464 0.569196 0.196429 0.174107
8 0.064732 0.508929 0.120536 0.169643
8 0.062500 0.674107 0.116071 0.196429
8 0.066964 0.861607 0.125000 0.187500
8 0.613839 0.937500 0.183036 0.125000
8 0.928571 0.863839 0.142857 0.227679
8 0.736607 0.654018 0.196429 0.191964
8 0.837054 0.470982 0.200893 0.254464
8 0.950893 0.602679 0.098214 0.223214
8 0.941964 0.089286 0.116071 0.169643
8 0.399554 0.970982 0.191964 0.058036
8 0.131696 0.973214 0.191964 0.053571
