3 0.504464 0.522321 0.383929 0.375000
8 0.415179 0.196429 0.214286 0.232143
8 0.665179 0.276786 0.214286 0.267857
8 0.772321 0.158482 0.196429 0.218750
8 0.941964 0.082589 0.116071 0.156250
8 0.901786 0.546875 0.187500 0.218750
8 0.727679 0.787946 0.169643 0.200893
8 0.935268 0.839286 0.129464 0.214286
8 0.763393 0.957589 0.223214 0.084821
8 0.475446 0.959821 0.174107 0.080357
8 0.272321 0.928571 0.205357 0.142857
8 0.066964 0.935268 0.125000 0.129464
8 0.125000 0.783482 0.223214 0.227679
8 0.426339 0.765625 0.218750 0.191964
8 0.312500 0.696429 0.187500 0.214286
8 0.270089 0.392857 0.209821 0.223214
8 0.113839 0.256696 0.191964 0.200893
8 0.198661 0.033482 0.191964 0.058036
8 0.790179 0.765625 0.187500 0.174107
