3 0.486607 0.560268 0.392857 0.406250
8 0.546875 0.145089 0.254464 0.245536
8 0.359375 0.055804 0.191964 0.102679
8 0.366071 0.299107 0.196429 0.187500
8 0.687500 0.330357 0.232143 0.232143
8 0.756696 0.091518 0.165179 0.174107
8 0.955357 0.091518 0.089286 0.174107
8 0.950893 0.587054 0.098214 0.218750
8 0.781250 0.598214 0.196429 0.241071
8 0.685268 0.758929 0.200893 0.205357
8 0.537946 0.843750 0.227679 0.187500
8 0.754464 0.926339 0.232143 0.147321
8 0.245536 0.877232 0.241071 0.183036
8 0.263393 0.705357 0.232143 0.223214
8 0.100446 0.468750 0.191964 0.187500
8 0.895089 0.066964 0.111607 0.125000
8 0.542411 0.968750 0.183036 0.062500
8 0.017857 0.055804 0.026786 0.102679
