3 0.533482 0.511161 0.388393 0.424107
8 0.285714 0.279018 0.214286 0.191964
8 0.417411 0.107143 0.209821 0.205357
8 0.082589 0.071429 0.156250 0.133929
8 0.729911 0.337054 0.200893 0.227679
8 0.837054 0.316964 0.165179 0.205357
8 0.950893 0.457589 0.098214 0.218750
8 0.957589 0.089286 0.084821 0.169643
8 0.774554 0.732143 0.200893 0.196429
8 0.810268 0.805804 0.165179 0.165179
8 0.950893 0.901786 0.098214 0.196429
8 0.783482 0.935268 0.245536 0.129464
8 0.580357 0.801339 0.196429 0.191964
8 0.366071 0.785714 0.214286 0.205357
8 0.412946 0.941964 0.200893 0.116071
8 0.185268 0.631696 0.236607 0.209821
8 0.058036 0.727679 0.107143 0.232143
