3 0.484375 0.493304 0.379464 0.370536
8 0.343750 0.104911 0.250000 0.200893
8 0.118304 0.042411 0.227679 0.075893
8 0.540179 0.040179 0.232143 0.071429
8 0.102679 0.214286 0.196429 0.232143
8 0.084821 0.636161 0.160714 0.290179
8 0.250000 0.685268 0.178571 0.218750
8 0.406250 0.729911 0.214286 0.200893
8 0.962054 0.357143 0.075893 0.205357
8 0.866071 0.542411 0.250000 0.209821
8 0.747768 0.729911 0.200893 0.200893
8 0.857143 0.901786 0.205357 0.196429
8 0.607143 0.886161 0.205357 0.191964
8 0.370536 0.950893 0.241071 0.098214
8 0.544643 0.881696 0.187500 0.147321
