3 0.502232 0.495536 0.370536 0.348214
3 0.040179 0.334821 0.071429 0.098214
8 0.444196 0.104911 0.245536 0.200893
8 0.901786 0.075893 0.196429 0.142857
8 0.125000 0.133929 0.214286 0.214286
8 0.207589 0.319196 0.200893 0.209821
8 0.250000 0.738839 0.205357 0.236607
8 0.569196 0.801339 0.191964 0.165179
8 0.736607 0.868304 0.187500 0.200893
8 0.919643 0.839286 0.160714 0.214286
8 0.720982 0.656250 0.245536 0.214286
8 0.558036 0.948661 0.214286 0.102679
8 0.287946 0.935268 0.272321 0.129464
8 0.073661 0.917411 0.138393 0.165179
8 0.832589 0.654018 0.200893 0.174107
