3 0.508929 0.495536 0.339286 0.357143
3 0.131696 0.415179 0.120536 0.080357
3 0.138393 0.140625 0.098214 0.084821
8 0.870536 0.120536 0.250000 0.187500
8 0.888393 0.323661 0.223214 0.218750
8 0.953125 0.555804 0.093750 0.218750
8 0.754464 0.854911 0.223214 0.236607
8 0.629464 0.761161 0.205357 0.200893
8 0.486607 0.910714 0.169643 0.178571
8 0.294643 0.781250 0.178571 0.196429
8 0.151786 0.917411 0.187500 0.165179
8 0.236607 0.553571 0.223214 0.258929
8 0.037946 0.546875 0.066964 0.245536
8 0.051339 0.241071 0.093750 0.232143
8 0.285714 0.205357 0.250000 0.258929
