3 0.484375 0.529018 0.397321 0.415179
8 0.779018 0.359375 0.200893 0.245536
8 0.886161 0.383929 0.191964 0.187500
8 0.912946 0.223214 0.156250 0.205357
8 0.703125 0.040179 0.272321 0.071429
8 0.794643 0.861607 0.187500 0.223214
8 0.928571 0.924107 0.142857 0.151786
8 0.591518 0.821429 0.218750 0.205357
8 0.156250 0.725446 0.223214 0.227679
8 0.044643 0.549107 0.080357 0.187500
8 0.109375 0.388393 0.209821 0.196429
8 0.102679 0.223214 0.196429 0.169643
8 0.283482 0.265625 0.183036 0.156250
8 0.064732 0.075893 0.120536 0.142857
8 0.198661 0.671875 0.209821 0.209821
8 0.334821 0.214286 0.214286 0.169643
