3 0.511161 0.513393 0.424107 0.401786
8 0.111607 0.245536 0.214286 0.250000
8 0.104911 0.055804 0.200893 0.102679
8 0.408482 0.089286 0.200893 0.169643
8 0.622768 0.180804 0.209821 0.191964
8 0.841518 0.281250 0.227679 0.169643
8 0.877232 0.156250 0.191964 0.178571
8 0.857143 0.584821 0.205357 0.205357
8 0.937500 0.758929 0.125000 0.232143
8 0.662946 0.783482 0.191964 0.209821
8 0.238839 0.917411 0.191964 0.165179
8 0.283482 0.674107 0.209821 0.133929
8 0.091518 0.629464 0.174107 0.232143
8 0.930804 0.129464 0.138393 0.178571
