3 0.542411 0.491071 0.352679 0.392857
8 0.408482 0.212054 0.174107 0.183036
8 0.339286 0.281250 0.196429 0.169643
8 0.183036 0.426339 0.178571 0.218750
8 0.136161 0.167411 0.227679 0.209821
8 0.049107 0.370536 0.089286 0.205357
8 0.055804 0.796875 0.102679 0.227679
8 0.149554 0.863839 0.174107 0.272321
8 0.435268 0.910714 0.191964 0.178571
8 0.366071 0.845982 0.196429 0.183036
8 0.642857 0.763393 0.196429 0.196429
8 0.770089 0.937500 0.174107 0.125000
8 0.901786 0.803571 0.196429 0.214286
8 0.917411 0.216518 0.165179 0.191964
8 0.689732 0.084821 0.200893 0.160714
