3 0.502232 0.479911 0.370536 0.361607
8 0.678571 0.098214 0.205357 0.187500
8 0.455357 0.107143 0.223214 0.205357
8 0.468750 0.258929 0.312500 0.133929
8 0.212054 0.497768 0.236607 0.281250
8 0.236607 0.736607 0.196429 0.250000
8 0.401786 0.790179 0.196429 0.250000
8 0.799107 0.631696 0.223214 0.209821
8 0.959821 0.787946 0.080357 0.236607
8 0.919643 0.950893 0.160714 0.098214
8 0.843750 0.046875 0.169643 0.084821
8 0.082589 0.037946 0.156250 0.066964
8 0.040179 0.540179 0.071429 0.232143
8 0.216518 0.957589 0.209821 0.084821
