3 0.486607 0.504464 0.383929 0.366071
8 0.261161 0.165179 0.227679 0.214286
8 0.107143 0.049107 0.196429 0.089286
8 0.125000 0.321429 0.223214 0.232143
8 0.154018 0.607143 0.299107 0.223214
8 0.129464 0.825893 0.169643 0.205357
8 0.312500 0.899554 0.241071 0.200893
8 0.607143 0.892857 0.205357 0.214286
8 0.930804 0.473214 0.138393 0.187500
8 0.796875 0.279018 0.191964 0.209821
8 0.678571 0.151786 0.160714 0.205357
8 0.488839 0.138393 0.191964 0.196429
8 0.348214 0.044643 0.178571 0.080357
8 0.750000 0.046875 0.250000 0.084821
