3 0.495536 0.582589 0.410714 0.388393
8 0.040179 0.167411 0.071429 0.191964
8 0.127232 0.176339 0.183036 0.227679
8 0.049107 0.042411 0.089286 0.075893
8 0.183036 0.466518 0.169643 0.183036
8 0.343750 0.325893 0.205357 0.160714
8 0.566964 0.290179 0.196429 0.205357
8 0.750000 0.169643 0.214286 0.205357
8 0.696429 0.109375 0.205357 0.165179
8 0.466518 0.087054 0.200893 0.165179
8 0.770089 0.553571 0.174107 0.250000
8 0.872768 0.383929 0.183036 0.205357
8 0.930804 0.520089 0.138393 0.191964
8 0.908482 0.752232 0.183036 0.183036
8 0.948661 0.926339 0.102679 0.147321
8 0.689732 0.792411 0.218750 0.200893
8 0.537946 0.921875 0.183036 0.156250
