3 0.529018 0.488839 0.495536 0.495536
8 0.332589 0.247768 0.227679 0.200893
8 0.292411 0.109375 0.200893 0.183036
8 0.133929 0.062500 0.214286 0.116071
8 0.075893 0.205357 0.142857 0.169643
8 0.133929 0.357143 0.205357 0.178571
8 0.189732 0.566964 0.165179 0.258929
8 0.091518 0.591518 0.174107 0.165179
8 0.203125 0.799107 0.183036 0.160714
8 0.109375 0.948661 0.209821 0.102679
8 0.459821 0.930804 0.187500 0.138393
8 0.616071 0.875000 0.178571 0.187500
8 0.801339 0.877232 0.191964 0.209821
8 0.935268 0.953125 0.129464 0.093750
8 0.725446 0.198661 0.209821 0.209821
8 0.845982 0.071429 0.218750 0.133929
