3 0.508929 0.450893 0.428571 0.419643
8 0.625000 0.093750 0.169643 0.125000
8 0.816964 0.198661 0.214286 0.209821
8 0.924107 0.370536 0.151786 0.258929
8 0.779018 0.419643 0.183036 0.214286
8 0.953125 0.149554 0.093750 0.174107
8 0.756696 0.656250 0.218750 0.205357
8 0.839286 0.866071 0.232143 0.214286
8 0.553571 0.745536 0.187500 0.178571
8 0.408482 0.881696 0.254464 0.200893
8 0.334821 0.689732 0.187500 0.183036
8 0.156250 0.857143 0.196429 0.223214
8 0.046875 0.343750 0.084821 0.196429
8 0.109375 0.174107 0.209821 0.196429
8 0.075893 0.044643 0.142857 0.080357
8 0.044643 0.950893 0.080357 0.098214
8 0.649554 0.051339 0.209821 0.093750
