3 0.520089 0.553571 0.406250 0.401786
8 0.841518 0.089286 0.191964 0.169643
8 0.685268 0.100446 0.200893 0.147321
8 0.555804 0.136161 0.183036 0.200893
8 0.613839 0.241071 0.236607 0.160714
8 0.383929 0.263393 0.187500 0.205357
8 0.183036 0.198661 0.205357 0.209821
8 0.100446 0.049107 0.183036 0.089286
8 0.049107 0.290179 0.089286 0.187500
8 0.142857 0.482143 0.214286 0.214286
8 0.225446 0.651786 0.209821 0.223214
8 0.265625 0.870536 0.191964 0.223214
8 0.544643 0.904018 0.214286 0.191964
8 0.687500 0.814732 0.187500 0.218750
8 0.819196 0.712054 0.200893 0.165179
8 0.935268 0.544643 0.129464 0.205357
8 0.935268 0.910714 0.129464 0.178571
