3 0.515625 0.531250 0.379464 0.392857
8 0.207589 0.386161 0.183036 0.191964
8 0.087054 0.227679 0.165179 0.267857
8 0.089286 0.546875 0.169643 0.183036
8 0.209821 0.928571 0.232143 0.142857
8 0.399554 0.854911 0.174107 0.227679
8 0.591518 0.810268 0.227679 0.183036
8 0.783482 0.707589 0.218750 0.209821
8 0.926339 0.691964 0.147321 0.196429
8 0.924107 0.959821 0.151786 0.080357
8 0.734375 0.935268 0.147321 0.129464
8 0.745536 0.370536 0.250000 0.285714
8 0.939732 0.191964 0.120536 0.205357
8 0.805804 0.102679 0.191964 0.196429
8 0.638393 0.037946 0.187500 0.066964
8 0.955357 0.049107 0.089286 0.089286
