3 0.500000 0.540179 0.428571 0.410714
8 0.250000 0.296875 0.178571 0.191964
8 0.466518 0.225446 0.191964 0.200893
8 0.537946 0.089286 0.236607 0.169643
8 0.747768 0.120536 0.236607 0.232143
8 0.921875 0.430804 0.156250 0.218750
8 0.854911 0.598214 0.218750 0.196429
8 0.933036 0.823661 0.133929 0.236607
8 0.783482 0.821429 0.227679 0.276786
8 0.638393 0.924107 0.214286 0.151786
8 0.285714 0.794643 0.205357 0.160714
8 0.265625 0.935268 0.209821 0.129464
8 0.100446 0.734375 0.191964 0.227679
8 0.055804 0.917411 0.102679 0.165179
8 0.178571 0.526786 0.223214 0.232143
8 0.223214 0.133929 0.258929 0.187500
8 0.319196 0.321429 0.174107 0.196429
8 0.194196 0.022321 0.183036 0.035714
