3 0.475446 0.526786 0.415179 0.446429
3 0.354911 0.183036 0.183036 0.151786
8 0.265625 0.042411 0.236607 0.075893
8 0.765625 0.116071 0.183036 0.169643
8 0.906250 0.051339 0.187500 0.093750
8 0.948661 0.256696 0.102679 0.272321
8 0.946429 0.627232 0.107143 0.183036
8 0.758929 0.631696 0.169643 0.209821
8 0.886161 0.783482 0.183036 0.183036
8 0.863839 0.935268 0.191964 0.129464
8 0.651786 0.921875 0.232143 0.156250
8 0.433036 0.921875 0.205357 0.156250
8 0.359375 0.747768 0.272321 0.183036
8 0.127232 0.678571 0.191964 0.196429
8 0.198661 0.511161 0.165179 0.191964
8 0.196429 0.308036 0.160714 0.214286
