3 0.531250 0.495536 0.419643 0.383929
8 0.189732 0.321429 0.200893 0.223214
8 0.245536 0.412946 0.160714 0.183036
8 0.216518 0.551339 0.236607 0.165179
8 0.205357 0.772321 0.232143 0.223214
8 0.446429 0.761161 0.250000 0.236607
8 0.511161 0.921875 0.200893 0.156250
8 0.285714 0.955357 0.241071 0.089286
8 0.752232 0.799107 0.209821 0.205357
8 0.946429 0.792411 0.107143 0.263393
8 0.859375 0.408482 0.227679 0.209821
8 0.926339 0.185268 0.147321 0.209821
8 0.747768 0.058036 0.227679 0.107143
8 0.171875 0.069196 0.191964 0.129464
8 0.060268 0.191964 0.111607 0.169643
