3 0.493304 0.526786 0.370536 0.375000
8 0.176339 0.370536 0.191964 0.205357
8 0.058036 0.410714 0.107143 0.223214
8 0.113839 0.555804 0.209821 0.191964
8 0.321429 0.732143 0.250000 0.250000
8 0.453125 0.901786 0.209821 0.196429
8 0.254464 0.950893 0.187500 0.098214
8 0.656250 0.741071 0.196429 0.205357
8 0.848214 0.770089 0.178571 0.174107
8 0.970982 0.779018 0.058036 0.165179
8 0.870536 0.970982 0.187500 0.058036
8 0.779018 0.223214 0.183036 0.187500
8 0.676339 0.212054 0.183036 0.174107
8 0.933036 0.136161 0.133929 0.191964
8 0.687500 0.033482 0.178571 0.058036
