3 0.526786 0.517857 0.392857 0.375000
8 0.392857 0.160714 0.196429 0.214286
8 0.187500 0.196429 0.187500 0.187500
8 0.062500 0.149554 0.116071 0.281250
8 0.120536 0.424107 0.232143 0.250000
8 0.256696 0.609375 0.200893 0.254464
8 0.189732 0.839286 0.218750 0.250000
8 0.392857 0.881696 0.223214 0.236607
8 0.714286 0.930804 0.285714 0.138393
8 0.930804 0.966518 0.138393 0.066964
8 0.892857 0.805804 0.214286 0.209821
8 0.745536 0.662946 0.223214 0.227679
8 0.924107 0.582589 0.151786 0.227679
8 0.939732 0.399554 0.120536 0.174107
8 0.897321 0.089286 0.205357 0.169643
