3 0.484375 0.493304 0.352679 0.361607
8 0.600446 0.145089 0.200893 0.218750
8 0.808036 0.167411 0.250000 0.174107
8 0.881696 0.457589 0.218750 0.165179
8 0.939732 0.587054 0.120536 0.174107
8 0.803571 0.825893 0.187500 0.178571
8 0.683036 0.669643 0.196429 0.214286
8 0.611607 0.946429 0.214286 0.107143
8 0.205357 0.901786 0.223214 0.196429
8 0.053571 0.953125 0.098214 0.093750
8 0.037946 0.799107 0.066964 0.178571
8 0.149554 0.453125 0.227679 0.191964
8 0.223214 0.258929 0.196429 0.169643
8 0.299107 0.100446 0.205357 0.183036
8 0.493304 0.055804 0.191964 0.102679
