3 0.484375 0.479911 0.397321 0.361607
8 0.533482 0.095982 0.263393 0.183036
8 0.649554 0.256696 0.165179 0.191964
8 0.747768 0.395089 0.227679 0.183036
8 0.837054 0.207589 0.200893 0.218750
8 0.689732 0.602679 0.263393 0.178571
8 0.803571 0.756696 0.214286 0.138393
8 0.959821 0.837054 0.080357 0.218750
8 0.694196 0.921875 0.299107 0.156250
8 0.542411 0.741071 0.200893 0.187500
8 0.341518 0.752232 0.209821 0.209821
8 0.406250 0.904018 0.169643 0.191964
8 0.154018 0.689732 0.200893 0.263393
8 0.060268 0.508929 0.111607 0.250000
8 0.040179 0.261161 0.071429 0.209821
8 0.229911 0.042411 0.218750 0.075893
