3 0.625000 0.511161 0.428571 0.468750
3 0.928571 0.232143 0.142857 0.321429
8 0.437500 0.120536 0.214286 0.196429
8 0.303571 0.095982 0.205357 0.183036
8 0.216518 0.140625 0.209821 0.165179
8 0.142857 0.379464 0.205357 0.205357
8 0.055804 0.522321 0.102679 0.187500
8 0.058036 0.736607 0.107143 0.232143
8 0.095982 0.928571 0.183036 0.142857
8 0.234375 0.877232 0.227679 0.191964
8 0.328125 0.939732 0.200893 0.120536
8 0.459821 0.897321 0.223214 0.187500
8 0.415179 0.781250 0.160714 0.151786
8 0.354911 0.656250 0.245536 0.205357
8 0.821429 0.756696 0.187500 0.209821
8 0.904018 0.593750 0.191964 0.267857
