3 0.495536 0.506696 0.357143 0.343750
8 0.906250 0.281250 0.178571 0.196429
8 0.794643 0.113839 0.205357 0.174107
8 0.428571 0.171875 0.205357 0.165179
8 0.350446 0.053571 0.245536 0.098214
8 0.058036 0.064732 0.107143 0.120536
8 0.205357 0.200893 0.178571 0.160714
8 0.194196 0.310268 0.191964 0.218750
8 0.104911 0.419643 0.138393 0.187500
8 0.245536 0.533482 0.160714 0.209821
8 0.337054 0.714286 0.191964 0.205357
8 0.116071 0.625000 0.187500 0.187500
8 0.064732 0.738839 0.120536 0.183036
8 0.560268 0.946429 0.254464 0.107143
8 0.783482 0.799107 0.191964 0.214286
8 0.830357 0.622768 0.205357 0.218750
8 0.930804 0.732143 0.138393 0.178571
8 0.832589 0.064732 0.183036 0.120536
8 0.178571 0.968750 0.142857 0.062500
