3 0.470982 0.486607 0.433036 0.437500
8 0.609375 0.191964 0.227679 0.151786
8 0.531250 0.069196 0.214286 0.129464
8 0.877232 0.055804 0.227679 0.102679
8 0.305804 0.071429 0.218750 0.133929
8 0.142857 0.127232 0.169643 0.245536
8 0.102679 0.352679 0.196429 0.205357
8 0.104911 0.540179 0.200893 0.160714
8 0.198661 0.674107 0.165179 0.196429
8 0.473214 0.796875 0.169643 0.209821
8 0.669643 0.805804 0.187500 0.191964
8 0.848214 0.669643 0.187500 0.151786
8 0.948661 0.515625 0.102679 0.209821
8 0.821429 0.915179 0.223214 0.169643
8 0.625000 0.955357 0.151786 0.089286
8 0.145089 0.950893 0.165179 0.098214
