3 0.495536 0.464286 0.401786 0.446429
8 0.151786 0.245536 0.187500 0.187500
8 0.194196 0.466518 0.209821 0.200893
8 0.272321 0.625000 0.160714 0.205357
8 0.428571 0.745536 0.178571 0.151786
8 0.618304 0.747768 0.183036 0.200893
8 0.549107 0.861607 0.214286 0.169643
8 0.834821 0.761161 0.223214 0.218750
8 0.928571 0.904018 0.142857 0.191964
8 0.803571 0.573661 0.214286 0.227679
8 0.783482 0.332589 0.165179 0.200893
8 0.910714 0.214286 0.178571 0.232143
8 0.636161 0.133929 0.245536 0.205357
8 0.372768 0.069196 0.236607 0.129464
8 0.328125 0.203125 0.174107 0.147321
8 0.069196 0.111607 0.129464 0.151786
8 0.053571 0.424107 0.098214 0.205357
8 0.049107 0.604911 0.089286 0.165179
8 0.149554 0.680804 0.200893 0.156250
8 0.274554 0.825893 0.183036 0.187500
8 0.127232 0.912946 0.156250 0.174107
8 0.430804 0.966518 0.191964 0.066964
