3 0.495536 0.517857 0.392857 0.392857
8 0.651786 0.140625 0.205357 0.200893
8 0.877232 0.073661 0.209821 0.138393
8 0.890625 0.466518 0.200893 0.209821
8 0.823661 0.741071 0.191964 0.187500
8 0.883929 0.915179 0.232143 0.169643
8 0.678571 0.866071 0.205357 0.187500
8 0.497768 0.790179 0.245536 0.178571
8 0.368304 0.935268 0.138393 0.129464
8 0.165179 0.671875 0.223214 0.200893
8 0.080357 0.470982 0.151786 0.165179
8 0.261161 0.359375 0.227679 0.200893
8 0.089286 0.274554 0.169643 0.245536
8 0.473214 0.104911 0.214286 0.200893
