3 0.482143 0.524554 0.410714 0.406250
8 0.366071 0.189732 0.196429 0.200893
8 0.180804 0.109375 0.209821 0.209821
8 0.040179 0.073661 0.071429 0.138393
8 0.082589 0.287946 0.156250 0.200893
8 0.075893 0.491071 0.142857 0.205357
8 0.104911 0.689732 0.200893 0.209821
8 0.232143 0.537946 0.214286 0.183036
8 0.312500 0.712054 0.178571 0.236607
8 0.473214 0.859375 0.187500 0.272321
8 0.658482 0.830357 0.174107 0.232143
8 0.848214 0.707589 0.223214 0.254464
8 0.917411 0.899554 0.165179 0.200893
8 0.872768 0.111607 0.209821 0.214286
8 0.618304 0.091518 0.218750 0.174107
8 0.415179 0.042411 0.205357 0.075893
