3 0.491071 0.477679 0.339286 0.383929
8 0.462054 0.102679 0.191964 0.178571
8 0.732143 0.093750 0.169643 0.178571
8 0.901786 0.165179 0.178571 0.223214
8 0.319196 0.053571 0.218750 0.098214
8 0.113839 0.138393 0.218750 0.187500
8 0.209821 0.328125 0.223214 0.174107
8 0.212054 0.495536 0.200893 0.196429
8 0.111607 0.689732 0.214286 0.218750
8 0.446429 0.796875 0.214286 0.218750
8 0.649554 0.843750 0.183036 0.151786
8 0.763393 0.658482 0.169643 0.209821
8 0.870536 0.816964 0.169643 0.214286
8 0.658482 0.966518 0.200893 0.066964
8 0.468750 0.959821 0.169643 0.080357
