3 0.522321 0.495536 0.348214 0.330357
3 0.841518 0.658482 0.102679 0.102679
8 0.165179 0.232143 0.187500 0.196429
8 0.406250 0.261161 0.232143 0.156250
8 0.683036 0.247768 0.160714 0.236607
8 0.910714 0.399554 0.178571 0.200893
8 0.258929 0.437500 0.196429 0.232143
8 0.082589 0.544643 0.156250 0.178571
8 0.303571 0.645089 0.223214 0.183036
8 0.162946 0.816964 0.236607 0.178571
8 0.337054 0.924107 0.218750 0.151786
8 0.638393 0.859375 0.205357 0.174107
8 0.738839 0.953125 0.183036 0.093750
8 0.209821 0.062500 0.223214 0.116071
8 0.736607 0.037946 0.187500 0.066964
