3 0.508929 0.504464 0.428571 0.437500
8 0.323661 0.167411 0.200893 0.191964
8 0.256696 0.232143 0.191964 0.169643
8 0.156250 0.062500 0.250000 0.116071
8 0.720982 0.069196 0.245536 0.129464
8 0.850446 0.435268 0.245536 0.236607
8 0.930804 0.428571 0.138393 0.205357
8 0.189732 0.504464 0.165179 0.294643
8 0.042411 0.529018 0.075893 0.227679
8 0.095982 0.790179 0.183036 0.142857
8 0.165179 0.926339 0.250000 0.147321
8 0.607143 0.897321 0.223214 0.205357
8 0.761161 0.689732 0.218750 0.245536
8 0.848214 0.895089 0.214286 0.209821
