3 0.484375 0.482143 0.388393 0.375000
8 0.310268 0.169643 0.191964 0.178571
8 0.305804 0.062500 0.236607 0.116071
8 0.071429 0.055804 0.133929 0.102679
8 0.593750 0.104911 0.241071 0.200893
8 0.714286 0.330357 0.187500 0.196429
8 0.892857 0.330357 0.214286 0.285714
8 0.895089 0.102679 0.183036 0.196429
8 0.774554 0.645089 0.245536 0.227679
8 0.908482 0.790179 0.183036 0.187500
8 0.542411 0.872768 0.245536 0.227679
8 0.337054 0.904018 0.183036 0.191964
8 0.171875 0.899554 0.227679 0.200893
8 0.243304 0.712054 0.209821 0.191964
8 0.218750 0.611607 0.214286 0.214286
8 0.058036 0.578125 0.107143 0.236607
8 0.207589 0.350446 0.191964 0.218750
8 0.696429 0.962054 0.276786 0.075893
8 0.966518 0.209821 0.066964 0.214286
