3 0.526786 0.520089 0.348214 0.343750
3 0.544643 0.279018 0.196429 0.165179
3 0.080357 0.392857 0.133929 0.151786
8 0.270089 0.312500 0.200893 0.187500
8 0.415179 0.147321 0.205357 0.232143
8 0.136161 0.053571 0.209821 0.098214
8 0.093750 0.232143 0.178571 0.205357
8 0.660714 0.160714 0.232143 0.276786
8 0.892857 0.680804 0.178571 0.191964
8 0.933036 0.794643 0.133929 0.187500
8 0.892857 0.953125 0.214286 0.093750
8 0.250000 0.886161 0.196429 0.200893
8 0.082589 0.941964 0.156250 0.116071
8 0.087054 0.761161 0.165179 0.191964
8 0.187500 0.598214 0.214286 0.196429
