3 0.491071 0.553571 0.419643 0.401786
8 0.149554 0.703125 0.191964 0.191964
8 0.046875 0.555804 0.084821 0.200893
8 0.049107 0.345982 0.089286 0.200893
8 0.127232 0.218750 0.191964 0.187500
8 0.078125 0.064732 0.147321 0.120536
8 0.283482 0.129464 0.165179 0.187500
8 0.386161 0.122768 0.156250 0.183036
8 0.575893 0.058036 0.205357 0.107143
8 0.783482 0.437500 0.174107 0.214286
8 0.904018 0.287946 0.191964 0.245536
8 0.805804 0.660714 0.254464 0.276786
8 0.566964 0.950893 0.250000 0.098214
8 0.258929 0.915179 0.196429 0.169643
8 0.073661 0.870536 0.138393 0.187500
