3 0.513393 0.506696 0.383929 0.406250
8 0.350446 0.118304 0.200893 0.218750
8 0.174107 0.290179 0.178571 0.196429
8 0.049107 0.330357 0.089286 0.196429
8 0.058036 0.571429 0.107143 0.241071
8 0.109375 0.714286 0.209821 0.223214
8 0.330357 0.732143 0.178571 0.187500
8 0.508929 0.772321 0.169643 0.196429
8 0.770089 0.738839 0.200893 0.200893
8 0.370536 0.908482 0.258929 0.183036
8 0.765625 0.917411 0.316964 0.165179
8 0.939732 0.348214 0.120536 0.160714
8 0.857143 0.187500 0.205357 0.151786
8 0.801339 0.069196 0.174107 0.129464
8 0.609375 0.051339 0.191964 0.093750
8 0.245536 0.508929 0.151786 0.169643
