3 0.497768 0.500000 0.370536 0.357143
8 0.544643 0.241071 0.178571 0.160714
8 0.700893 0.129464 0.205357 0.196429
8 0.830357 0.500000 0.205357 0.178571
8 0.870536 0.118304 0.151786 0.200893
8 0.901786 0.642857 0.160714 0.187500
8 0.953125 0.741071 0.093750 0.178571
8 0.912946 0.886161 0.174107 0.174107
8 0.727679 0.928571 0.178571 0.142857
8 0.359375 0.875000 0.200893 0.196429
8 0.178571 0.901786 0.196429 0.178571
8 0.042411 0.582589 0.075893 0.281250
8 0.084821 0.359375 0.160714 0.174107
8 0.100446 0.165179 0.191964 0.214286
8 0.357143 0.270089 0.169643 0.209821
8 0.361607 0.140625 0.178571 0.165179
8 0.339286 0.698661 0.196429 0.183036
