6 0.482143 0.513393 0.321429 0.339286
8 0.366071 0.252232 0.250000 0.254464
8 0.194196 0.370536 0.272321 0.232143
8 0.075893 0.475446 0.142857 0.263393
8 0.080357 0.736607 0.151786 0.250000
8 0.131696 0.915179 0.227679 0.169643
8 0.419643 0.895089 0.294643 0.209821
8 0.412946 0.720982 0.299107 0.245536
8 0.689732 0.919643 0.218750 0.160714
8 0.745536 0.689732 0.267857 0.299107
8 0.683036 0.386161 0.205357 0.209821
8 0.631696 0.171875 0.254464 0.227679
8 0.283482 0.060268 0.272321 0.111607
8 0.872768 0.292411 0.227679 0.254464
8 0.888393 0.084821 0.223214 0.160714
