6 0.488839 0.513393 0.433036 0.401786
8 0.555804 0.122768 0.191964 0.200893
8 0.357143 0.080357 0.214286 0.151786
8 0.303571 0.292411 0.232143 0.227679
8 0.071429 0.294643 0.133929 0.205357
8 0.234375 0.540179 0.227679 0.267857
8 0.100446 0.642857 0.191964 0.241071
8 0.138393 0.881696 0.205357 0.209821
8 0.319196 0.939732 0.191964 0.120536
8 0.604911 0.939732 0.209821 0.120536
8 0.654018 0.761161 0.245536 0.218750
8 0.868304 0.910714 0.245536 0.178571
8 0.937500 0.750000 0.125000 0.196429
8 0.801339 0.575893 0.254464 0.205357
8 0.924107 0.352679 0.151786 0.223214
8 0.770089 0.196429 0.227679 0.205357
8 0.767857 0.046875 0.214286 0.084821
8 0.069196 0.069196 0.129464 0.129464
