6 0.497768 0.497768 0.343750 0.325893
8 0.321429 0.118304 0.205357 0.227679
8 0.584821 0.165179 0.267857 0.187500
8 0.814732 0.102679 0.209821 0.196429
8 0.830357 0.444196 0.214286 0.200893
8 0.904018 0.542411 0.191964 0.236607
8 0.727679 0.770089 0.187500 0.183036
8 0.294643 0.935268 0.187500 0.129464
8 0.241071 0.901786 0.205357 0.160714
8 0.696429 0.703125 0.214286 0.191964
8 0.468750 0.743304 0.196429 0.200893
8 0.569196 0.912946 0.236607 0.174107
8 0.801339 0.937500 0.183036 0.125000
8 0.281250 0.640625 0.205357 0.209821
8 0.131696 0.435268 0.183036 0.236607
