6 0.491071 0.508929 0.410714 0.312500
6 0.125000 0.464286 0.232143 0.178571
6 0.674107 0.258929 0.178571 0.107143
8 0.571429 0.066964 0.232143 0.125000
8 0.301339 0.308036 0.254464 0.214286
8 0.089286 0.236607 0.169643 0.223214
8 0.082589 0.060268 0.156250 0.111607
8 0.303571 0.095982 0.241071 0.183036
8 0.725446 0.314732 0.245536 0.281250
8 0.935268 0.421875 0.129464 0.263393
8 0.919643 0.091518 0.160714 0.174107
8 0.866071 0.678571 0.214286 0.223214
8 0.962054 0.843750 0.075893 0.214286
8 0.754464 0.863839 0.232143 0.218750
8 0.526786 0.906250 0.223214 0.187500
8 0.207589 0.819196 0.245536 0.227679
8 0.107143 0.928571 0.205357 0.142857
8 0.151786 0.589286 0.258929 0.169643
