6 0.511161 0.504464 0.263393 0.241071
8 0.656250 0.129464 0.205357 0.250000
8 0.734375 0.368304 0.200893 0.263393
8 0.763393 0.520089 0.214286 0.200893
8 0.937500 0.584821 0.125000 0.276786
8 0.899554 0.823661 0.200893 0.236607
8 0.649554 0.709821 0.272321 0.205357
8 0.383929 0.743304 0.214286 0.245536
8 0.520089 0.948661 0.218750 0.102679
8 0.316964 0.935268 0.169643 0.129464
8 0.136161 0.816964 0.236607 0.267857
8 0.225446 0.580357 0.191964 0.214286
8 0.069196 0.618304 0.129464 0.200893
8 0.095982 0.372768 0.183036 0.245536
