6 0.500000 0.488839 0.294643 0.290179
8 0.292411 0.258929 0.218750 0.196429
8 0.531250 0.223214 0.223214 0.232143
8 0.350446 0.080357 0.227679 0.151786
8 0.084821 0.053571 0.160714 0.098214
8 0.645089 0.060268 0.254464 0.111607
8 0.912946 0.087054 0.174107 0.165179
8 0.915179 0.470982 0.169643 0.218750
8 0.904018 0.687500 0.183036 0.205357
8 0.683036 0.680804 0.250000 0.254464
8 0.694196 0.895089 0.245536 0.174107
8 0.426339 0.948661 0.236607 0.102679
8 0.299107 0.808036 0.258929 0.214286
8 0.162946 0.946429 0.209821 0.107143
8 0.037946 0.875000 0.066964 0.196429
