6 0.491071 0.529018 0.392857 0.334821
6 0.180804 0.462054 0.138393 0.129464
6 0.147321 0.886161 0.098214 0.120536
8 0.399554 0.299107 0.245536 0.196429
8 0.584821 0.165179 0.214286 0.223214
8 0.821429 0.111607 0.223214 0.205357
8 0.859375 0.412946 0.227679 0.227679
8 0.899554 0.660714 0.200893 0.178571
8 0.745536 0.611607 0.232143 0.303571
8 0.832589 0.897321 0.183036 0.205357
8 0.953125 0.946429 0.093750 0.107143
8 0.609375 0.888393 0.227679 0.223214
8 0.370536 0.919643 0.178571 0.160714
8 0.069196 0.745536 0.129464 0.196429
8 0.225446 0.593750 0.245536 0.205357
8 0.075893 0.444196 0.142857 0.218750
8 0.089286 0.229911 0.169643 0.200893
8 0.131696 0.062500 0.227679 0.116071
8 0.388393 0.089286 0.232143 0.169643
8 0.053571 0.937500 0.098214 0.125000
