6 0.493304 0.504464 0.263393 0.321429
6 0.841518 0.500000 0.120536 0.089286
8 0.506696 0.180804 0.191964 0.183036
8 0.689732 0.301339 0.200893 0.183036
8 0.948661 0.515625 0.102679 0.209821
8 0.917411 0.209821 0.165179 0.250000
8 0.723214 0.084821 0.250000 0.160714
8 0.299107 0.098214 0.196429 0.178571
8 0.071429 0.075893 0.133929 0.142857
8 0.169643 0.285714 0.223214 0.223214
8 0.254464 0.517857 0.232143 0.223214
8 0.589286 0.712054 0.214286 0.200893
8 0.796875 0.805804 0.218750 0.200893
8 0.957589 0.834821 0.084821 0.187500
8 0.553571 0.919643 0.205357 0.160714
8 0.328125 0.939732 0.236607 0.120536
8 0.136161 0.886161 0.227679 0.200893
8 0.049107 0.883929 0.089286 0.205357
