6 0.504464 0.513393 0.348214 0.348214
6 0.448661 0.723214 0.138393 0.160714
8 0.281250 0.305804 0.205357 0.272321
8 0.185268 0.089286 0.272321 0.169643
8 0.091518 0.216518 0.174107 0.227679
8 0.075893 0.397321 0.142857 0.205357
8 0.131696 0.511161 0.227679 0.218750
8 0.428571 0.102679 0.232143 0.196429
8 0.616071 0.191964 0.241071 0.232143
8 0.792411 0.080357 0.236607 0.151786
8 0.765625 0.526786 0.236607 0.241071
8 0.950893 0.354911 0.098214 0.209821
8 0.944196 0.591518 0.111607 0.263393
8 0.709821 0.879464 0.241071 0.196429
8 0.595982 0.941964 0.209821 0.116071
8 0.457589 0.848214 0.272321 0.187500
8 0.209821 0.761161 0.241071 0.263393
8 0.066964 0.895089 0.125000 0.209821
