6 0.495536 0.513393 0.330357 0.294643
6 0.535714 0.127232 0.125000 0.084821
8 0.247768 0.270089 0.245536 0.218750
8 0.087054 0.093750 0.165179 0.178571
8 0.308036 0.087054 0.223214 0.165179
8 0.046875 0.319196 0.084821 0.209821
8 0.049107 0.529018 0.089286 0.183036
8 0.174107 0.848214 0.258929 0.250000
8 0.595982 0.761161 0.209821 0.200893
8 0.790179 0.720982 0.178571 0.191964
8 0.832589 0.825893 0.200893 0.223214
8 0.919643 0.953125 0.160714 0.093750
8 0.935268 0.551339 0.129464 0.191964
8 0.866071 0.348214 0.223214 0.250000
8 0.718750 0.283482 0.250000 0.254464
8 0.919643 0.162946 0.142857 0.174107
8 0.776786 0.055804 0.250000 0.102679
