6 0.553571 0.513393 0.366071 0.339286
8 0.765625 0.263393 0.183036 0.214286
8 0.928571 0.345982 0.142857 0.218750
8 0.870536 0.593750 0.187500 0.187500
8 0.957589 0.767857 0.084821 0.169643
8 0.854911 0.895089 0.218750 0.209821
8 0.656250 0.770089 0.205357 0.218750
8 0.386161 0.877232 0.245536 0.227679
8 0.156250 0.919643 0.178571 0.160714
8 0.200893 0.729911 0.169643 0.165179
8 0.243304 0.537946 0.227679 0.209821
8 0.319196 0.332589 0.209821 0.218750
8 0.526786 0.247768 0.205357 0.227679
8 0.725446 0.069196 0.218750 0.129464
8 0.359375 0.107143 0.236607 0.205357
8 0.136161 0.100446 0.218750 0.191964
8 0.131696 0.354911 0.191964 0.209821
