6 0.502232 0.500000 0.308036 0.285714
6 0.598214 0.689732 0.089286 0.075893
6 0.941964 0.656250 0.116071 0.160714
6 0.513393 0.053571 0.107143 0.089286
6 0.236607 0.044643 0.187500 0.080357
8 0.558036 0.216518 0.205357 0.227679
8 0.779018 0.292411 0.227679 0.209821
8 0.823661 0.093750 0.218750 0.178571
8 0.354911 0.158482 0.209821 0.236607
8 0.109375 0.049107 0.209821 0.089286
8 0.091518 0.214286 0.174107 0.223214
8 0.265625 0.361607 0.200893 0.214286
8 0.084821 0.441964 0.160714 0.241071
8 0.203125 0.669643 0.209821 0.232143
8 0.044643 0.698661 0.080357 0.263393
8 0.428571 0.736607 0.214286 0.232143
8 0.774554 0.622768 0.227679 0.263393
8 0.712054 0.834821 0.236607 0.187500
8 0.955357 0.834821 0.089286 0.223214
8 0.848214 0.946429 0.241071 0.107143
8 0.363839 0.939732 0.191964 0.120536
