6 0.511161 0.495536 0.415179 0.383929
8 0.084821 0.345982 0.160714 0.218750
8 0.131696 0.622768 0.218750 0.281250
8 0.140625 0.872768 0.227679 0.254464
8 0.386161 0.901786 0.290179 0.196429
8 0.564732 0.948661 0.191964 0.102679
8 0.649554 0.745536 0.245536 0.214286
8 0.354911 0.669643 0.272321 0.285714
8 0.781250 0.526786 0.223214 0.232143
8 0.957589 0.774554 0.084821 0.245536
8 0.301339 0.377232 0.227679 0.236607
8 0.446429 0.187500 0.276786 0.232143
8 0.613839 0.118304 0.227679 0.227679
8 0.785714 0.053571 0.241071 0.098214
8 0.962054 0.093750 0.075893 0.178571
8 0.390625 0.040179 0.227679 0.071429
8 0.160714 0.080357 0.223214 0.151786
