6 0.522321 0.522321 0.330357 0.348214
8 0.899554 0.290179 0.200893 0.178571
8 0.738839 0.424107 0.236607 0.223214
8 0.868304 0.609375 0.191964 0.209821
8 0.912946 0.933036 0.174107 0.133929
8 0.709821 0.881696 0.232143 0.236607
8 0.453125 0.767857 0.236607 0.214286
8 0.508929 0.937500 0.205357 0.125000
8 0.198661 0.897321 0.236607 0.205357
8 0.069196 0.810268 0.129464 0.218750
8 0.350446 0.310268 0.227679 0.218750
8 0.254464 0.145089 0.214286 0.200893
8 0.080357 0.241071 0.151786 0.232143
8 0.578125 0.091518 0.191964 0.174107
8 0.872768 0.102679 0.236607 0.196429
