6 0.488839 0.533482 0.352679 0.424107
8 0.207589 0.254464 0.245536 0.267857
8 0.274554 0.122768 0.218750 0.227679
8 0.332589 0.314732 0.227679 0.236607
8 0.236607 0.560268 0.223214 0.299107
8 0.073661 0.462054 0.138393 0.245536
8 0.044643 0.283482 0.080357 0.200893
8 0.058036 0.093750 0.107143 0.178571
8 0.803571 0.310268 0.241071 0.209821
8 0.779018 0.537946 0.236607 0.236607
8 0.955357 0.529018 0.089286 0.236607
8 0.875000 0.049107 0.223214 0.089286
8 0.441964 0.042411 0.187500 0.075893
8 0.593750 0.814732 0.258929 0.209821
8 0.357143 0.908482 0.250000 0.183036
8 0.127232 0.841518 0.236607 0.245536
8 0.662946 0.962054 0.236607 0.075893
