6 0.524554 0.508929 0.290179 0.330357
8 0.546875 0.127232 0.245536 0.227679
8 0.323661 0.305804 0.263393 0.272321
8 0.258929 0.566964 0.214286 0.267857
8 0.087054 0.546875 0.165179 0.299107
8 0.154018 0.899554 0.236607 0.200893
8 0.404018 0.895089 0.218750 0.209821
8 0.611607 0.825893 0.214286 0.250000
8 0.859375 0.859375 0.263393 0.245536
8 0.691964 0.964286 0.205357 0.071429
8 0.939732 0.584821 0.120536 0.267857
8 0.772321 0.457589 0.267857 0.218750
8 0.691964 0.270089 0.303571 0.254464
8 0.848214 0.122768 0.241071 0.236607
8 0.174107 0.066964 0.232143 0.125000
8 0.964286 0.379464 0.071429 0.178571
