6 0.486607 0.558036 0.348214 0.303571
6 0.723214 0.546875 0.089286 0.084821
8 0.694196 0.250000 0.236607 0.250000
8 0.964286 0.316964 0.071429 0.187500
8 0.955357 0.680804 0.089286 0.200893
8 0.868304 0.823661 0.218750 0.218750
8 0.377232 0.837054 0.200893 0.200893
8 0.343750 0.736607 0.258929 0.169643
8 0.274554 0.321429 0.209821 0.196429
8 0.392857 0.169643 0.205357 0.196429
8 0.196429 0.093750 0.196429 0.178571
8 0.046875 0.073661 0.084821 0.138393
8 0.470982 0.031250 0.191964 0.053571
8 0.089286 0.290179 0.169643 0.223214
8 0.428571 0.973214 0.187500 0.053571
