6 0.526786 0.504464 0.303571 0.294643
8 0.799107 0.290179 0.214286 0.241071
8 0.816964 0.100446 0.250000 0.191964
8 0.272321 0.129464 0.241071 0.250000
8 0.140625 0.158482 0.218750 0.209821
8 0.435268 0.042411 0.200893 0.075893
8 0.066964 0.044643 0.125000 0.080357
8 0.044643 0.337054 0.080357 0.245536
8 0.216518 0.537946 0.236607 0.254464
8 0.345982 0.779018 0.236607 0.227679
8 0.473214 0.852679 0.250000 0.241071
8 0.680804 0.738839 0.209821 0.236607
8 0.747768 0.522321 0.245536 0.241071
8 0.926339 0.667411 0.147321 0.254464
8 0.828125 0.908482 0.254464 0.183036
8 0.169643 0.908482 0.223214 0.183036
8 0.062500 0.671875 0.116071 0.236607
