6 0.524554 0.524554 0.263393 0.272321
6 0.071429 0.272321 0.089286 0.107143
6 0.055804 0.428571 0.102679 0.125000
8 0.660714 0.102679 0.258929 0.196429
8 0.810268 0.328125 0.183036 0.272321
8 0.908482 0.808036 0.183036 0.267857
8 0.843750 0.930804 0.232143 0.138393
8 0.464286 0.796875 0.232143 0.218750
8 0.245536 0.850446 0.205357 0.209821
8 0.424107 0.948661 0.214286 0.102679
8 0.100446 0.950893 0.191964 0.098214
8 0.073661 0.767857 0.138393 0.205357
8 0.276786 0.388393 0.232143 0.276786
8 0.194196 0.214286 0.200893 0.267857
8 0.408482 0.064732 0.200893 0.120536
8 0.558036 0.290179 0.294643 0.187500
8 0.863839 0.049107 0.183036 0.089286
8 0.959821 0.299107 0.080357 0.232143
