6 0.484375 0.524554 0.308036 0.281250
8 0.758929 0.441964 0.223214 0.196429
8 0.970982 0.323661 0.058036 0.227679
8 0.832589 0.167411 0.245536 0.236607
8 0.616071 0.254464 0.232143 0.241071
8 0.464286 0.073661 0.276786 0.138393
8 0.294643 0.241071 0.241071 0.241071
8 0.250000 0.131696 0.223214 0.183036
8 0.120536 0.040179 0.187500 0.071429
8 0.046875 0.127232 0.084821 0.174107
8 0.154018 0.468750 0.245536 0.205357
8 0.252232 0.631696 0.281250 0.236607
8 0.122768 0.866071 0.218750 0.205357
8 0.216518 0.886161 0.236607 0.227679
8 0.591518 0.890625 0.218750 0.218750
8 0.834821 0.904018 0.214286 0.191964
8 0.808036 0.676339 0.214286 0.236607
8 0.647321 0.640625 0.151786 0.218750
