6 0.508929 0.504464 0.321429 0.348214
8 0.341518 0.191964 0.245536 0.232143
8 0.214286 0.263393 0.232143 0.196429
8 0.109375 0.352679 0.209821 0.250000
8 0.102679 0.118304 0.196429 0.191964
8 0.508929 0.040179 0.223214 0.071429
8 0.743304 0.031250 0.200893 0.053571
8 0.868304 0.142857 0.227679 0.223214
8 0.933036 0.046875 0.133929 0.084821
8 0.946429 0.339286 0.107143 0.214286
8 0.801339 0.457589 0.227679 0.200893
8 0.939732 0.580357 0.120536 0.241071
8 0.680804 0.287946 0.227679 0.209821
8 0.738839 0.658482 0.218750 0.209821
8 0.955357 0.852679 0.089286 0.267857
8 0.718750 0.877232 0.258929 0.245536
8 0.488839 0.906250 0.209821 0.187500
8 0.310268 0.705357 0.218750 0.250000
8 0.136161 0.582589 0.227679 0.209821
8 0.082589 0.868304 0.156250 0.191964
