6 0.502232 0.508929 0.299107 0.285714
8 0.392857 0.200893 0.232143 0.214286
8 0.591518 0.270089 0.245536 0.245536
8 0.665179 0.089286 0.223214 0.169643
8 0.377232 0.060268 0.254464 0.111607
8 0.093750 0.234375 0.178571 0.218750
8 0.276786 0.386161 0.258929 0.236607
8 0.093750 0.464286 0.178571 0.241071
8 0.225446 0.770089 0.245536 0.245536
8 0.450893 0.729911 0.232143 0.245536
8 0.767857 0.415179 0.196429 0.187500
8 0.917411 0.497768 0.165179 0.254464
8 0.814732 0.678571 0.245536 0.276786
8 0.926339 0.881696 0.147321 0.227679
8 0.950893 0.060268 0.098214 0.111607
8 0.254464 0.962054 0.214286 0.075893
8 0.064732 0.897321 0.120536 0.205357
