6 0.522321 0.484375 0.267857 0.290179
8 0.662946 0.325893 0.316964 0.196429
8 0.803571 0.417411 0.178571 0.236607
8 0.912946 0.147321 0.174107 0.214286
8 0.953125 0.345982 0.093750 0.183036
8 0.493304 0.051339 0.200893 0.093750
8 0.205357 0.078125 0.258929 0.147321
8 0.191964 0.609375 0.232143 0.236607
8 0.377232 0.716518 0.191964 0.183036
8 0.506696 0.904018 0.209821 0.191964
8 0.705357 0.859375 0.205357 0.174107
8 0.901786 0.756696 0.187500 0.227679
8 0.875000 0.933036 0.250000 0.133929
8 0.294643 0.890625 0.214286 0.218750
8 0.087054 0.933036 0.165179 0.133929
