6 0.479911 0.515625 0.370536 0.334821
8 0.729911 0.334821 0.227679 0.214286
8 0.950893 0.343750 0.098214 0.223214
8 0.843750 0.504464 0.294643 0.160714
8 0.924107 0.064732 0.151786 0.120536
8 0.558036 0.093750 0.223214 0.178571
8 0.421875 0.216518 0.209821 0.236607
8 0.281250 0.247768 0.205357 0.263393
8 0.225446 0.069196 0.227679 0.129464
8 0.089286 0.171875 0.169643 0.245536
8 0.109375 0.502232 0.191964 0.209821
8 0.301339 0.587054 0.174107 0.236607
8 0.287946 0.830357 0.227679 0.223214
8 0.089286 0.727679 0.169643 0.214286
8 0.575893 0.765625 0.223214 0.218750
8 0.477679 0.941964 0.258929 0.116071
8 0.953125 0.720982 0.093750 0.245536
