6 0.506696 0.495536 0.370536 0.437500
8 0.154018 0.366071 0.227679 0.187500
8 0.267857 0.515625 0.187500 0.254464
8 0.196429 0.734375 0.250000 0.218750
8 0.089286 0.540179 0.169643 0.205357
8 0.337054 0.912946 0.209821 0.174107
8 0.618304 0.796875 0.254464 0.191964
8 0.886161 0.868304 0.218750 0.236607
8 0.120536 0.930804 0.232143 0.138393
8 0.743304 0.341518 0.245536 0.227679
8 0.537946 0.252232 0.227679 0.183036
8 0.892857 0.225446 0.214286 0.209821
8 0.939732 0.073661 0.120536 0.138393
8 0.397321 0.160714 0.303571 0.214286
8 0.178571 0.071429 0.250000 0.133929
8 0.433036 0.031250 0.223214 0.053571
