6 0.500000 0.504464 0.375000 0.303571
6 0.118304 0.339286 0.102679 0.089286
6 0.064732 0.593750 0.120536 0.098214
6 0.241071 0.754464 0.142857 0.142857
6 0.752232 0.040179 0.156250 0.071429
8 0.694196 0.314732 0.263393 0.245536
8 0.866071 0.457589 0.214286 0.227679
8 0.736607 0.640625 0.214286 0.245536
8 0.877232 0.767857 0.209821 0.205357
8 0.408482 0.754464 0.218750 0.214286
8 0.270089 0.587054 0.200893 0.200893
8 0.111607 0.861607 0.214286 0.232143
8 0.337054 0.928571 0.263393 0.142857
8 0.517857 0.156250 0.232143 0.205357
8 0.234375 0.314732 0.218750 0.200893
8 0.160714 0.118304 0.241071 0.209821
8 0.040179 0.198661 0.071429 0.191964
8 0.417411 0.035714 0.191964 0.062500
8 0.928571 0.093750 0.142857 0.178571
