6 0.495536 0.497768 0.294643 0.334821
8 0.386161 0.258929 0.183036 0.223214
8 0.187500 0.258929 0.214286 0.205357
8 0.073661 0.441964 0.138393 0.205357
8 0.037946 0.526786 0.066964 0.196429
8 0.089286 0.720982 0.169643 0.200893
8 0.044643 0.906250 0.080357 0.187500
8 0.245536 0.575893 0.214286 0.232143
8 0.247768 0.814732 0.209821 0.209821
8 0.223214 0.959821 0.223214 0.080357
8 0.446429 0.901786 0.214286 0.196429
8 0.687500 0.924107 0.232143 0.151786
8 0.747768 0.482143 0.209821 0.232143
8 0.875000 0.600446 0.250000 0.281250
8 0.803571 0.234375 0.258929 0.263393
8 0.540179 0.113839 0.250000 0.218750
