6 0.500000 0.493304 0.258929 0.352679
6 0.944196 0.482143 0.111607 0.125000
6 0.274554 0.410714 0.102679 0.071429
6 0.339286 0.484375 0.080357 0.040179
6 0.308036 0.558036 0.080357 0.062500
6 0.223214 0.953125 0.107143 0.093750
8 0.779018 0.301339 0.209821 0.245536
8 0.854911 0.609375 0.218750 0.227679
8 0.933036 0.814732 0.133929 0.227679
8 0.906250 0.082589 0.187500 0.156250
8 0.345982 0.685268 0.227679 0.218750
8 0.071429 0.520089 0.133929 0.245536
8 0.116071 0.747768 0.223214 0.236607
8 0.439732 0.890625 0.209821 0.200893
8 0.738839 0.919643 0.209821 0.160714
8 0.381696 0.223214 0.200893 0.205357
8 0.513393 0.093750 0.285714 0.178571
8 0.129464 0.055804 0.241071 0.102679
