6 0.477679 0.504464 0.392857 0.321429
8 0.671875 0.316964 0.218750 0.205357
8 0.828125 0.571429 0.218750 0.241071
8 0.892857 0.408482 0.178571 0.227679
8 0.667411 0.732143 0.245536 0.205357
8 0.801339 0.899554 0.218750 0.200893
8 0.962054 0.877232 0.075893 0.183036
8 0.437500 0.868304 0.241071 0.236607
8 0.169643 0.803571 0.232143 0.223214
8 0.312500 0.656250 0.178571 0.214286
8 0.149554 0.466518 0.236607 0.245536
8 0.303571 0.368304 0.214286 0.227679
8 0.174107 0.959821 0.250000 0.080357
8 0.109375 0.212054 0.209821 0.236607
8 0.332589 0.118304 0.245536 0.218750
8 0.497768 0.185268 0.218750 0.236607
8 0.736607 0.058036 0.258929 0.107143
