6 0.515625 0.522321 0.343750 0.401786
8 0.714286 0.330357 0.241071 0.178571
8 0.897321 0.410714 0.187500 0.241071
8 0.814732 0.620536 0.254464 0.214286
8 0.946429 0.700893 0.107143 0.205357
8 0.937500 0.933036 0.125000 0.133929
8 0.756696 0.906250 0.245536 0.187500
8 0.602679 0.765625 0.196429 0.191964
8 0.497768 0.933036 0.209821 0.133929
8 0.229911 0.915179 0.236607 0.169643
8 0.055804 0.908482 0.102679 0.183036
8 0.118304 0.720982 0.218750 0.209821
8 0.236607 0.513393 0.232143 0.232143
8 0.080357 0.357143 0.151786 0.214286
8 0.145089 0.133929 0.281250 0.258929
8 0.448661 0.116071 0.218750 0.223214
8 0.256696 0.040179 0.200893 0.071429
8 0.732143 0.113839 0.196429 0.218750
8 0.870536 0.176339 0.223214 0.200893
8 0.906250 0.033482 0.187500 0.058036
