6 0.502232 0.500000 0.299107 0.276786
8 0.339286 0.122768 0.267857 0.236607
8 0.160714 0.261161 0.267857 0.209821
8 0.064732 0.558036 0.120536 0.258929
8 0.232143 0.491071 0.232143 0.241071
8 0.424107 0.787946 0.232143 0.236607
8 0.696429 0.725446 0.258929 0.209821
8 0.783482 0.508929 0.245536 0.205357
8 0.700893 0.285714 0.258929 0.258929
8 0.910714 0.310268 0.178571 0.209821
8 0.921875 0.093750 0.156250 0.178571
8 0.640625 0.926339 0.236607 0.147321
8 0.937500 0.863839 0.125000 0.218750
8 0.276786 0.944196 0.241071 0.111607
