6 0.466518 0.508929 0.406250 0.339286
8 0.341518 0.247768 0.254464 0.227679
8 0.642857 0.234375 0.250000 0.191964
8 0.631696 0.116071 0.254464 0.223214
8 0.897321 0.116071 0.205357 0.223214
8 0.770089 0.482143 0.209821 0.232143
8 0.877232 0.546875 0.200893 0.227679
8 0.821429 0.783482 0.232143 0.236607
8 0.953125 0.921875 0.093750 0.156250
8 0.640625 0.912946 0.227679 0.174107
8 0.417411 0.888393 0.200893 0.223214
8 0.383929 0.763393 0.196429 0.223214
8 0.167411 0.754464 0.227679 0.285714
8 0.078125 0.937500 0.147321 0.125000
8 0.104911 0.334821 0.200893 0.205357
8 0.118304 0.113839 0.227679 0.218750
8 0.381696 0.042411 0.200893 0.075893
