6 0.500000 0.502232 0.339286 0.361607
6 0.149554 0.218750 0.093750 0.151786
6 0.915179 0.406250 0.062500 0.071429
6 0.957589 0.647321 0.075893 0.098214
8 0.225446 0.453125 0.227679 0.218750
8 0.321429 0.638393 0.187500 0.205357
8 0.441964 0.738839 0.205357 0.200893
8 0.750000 0.745536 0.214286 0.214286
8 0.897321 0.785714 0.187500 0.205357
8 0.622768 0.906250 0.218750 0.187500
8 0.446429 0.926339 0.250000 0.147321
8 0.198661 0.917411 0.183036 0.165179
8 0.053571 0.781250 0.098214 0.169643
8 0.120536 0.598214 0.214286 0.205357
8 0.531250 0.205357 0.196429 0.205357
8 0.734375 0.138393 0.191964 0.205357
8 0.915179 0.254464 0.169643 0.214286
8 0.908482 0.062500 0.183036 0.116071
8 0.479911 0.051339 0.200893 0.093750
8 0.325893 0.075893 0.223214 0.142857
8 0.118304 0.080357 0.209821 0.151786
