6 0.502232 0.508929 0.415179 0.321429
8 0.258929 0.359375 0.205357 0.209821
8 0.265625 0.593750 0.209821 0.214286
8 0.408482 0.792411 0.334821 0.218750
8 0.082589 0.669643 0.156250 0.258929
8 0.075893 0.542411 0.142857 0.209821
8 0.055804 0.287946 0.102679 0.254464
8 0.229911 0.093750 0.209821 0.178571
8 0.446429 0.158482 0.250000 0.218750
8 0.620536 0.055804 0.214286 0.102679
8 0.921875 0.102679 0.156250 0.196429
8 0.841518 0.303571 0.263393 0.232143
8 0.779018 0.533482 0.245536 0.236607
8 0.819196 0.654018 0.227679 0.245536
8 0.928571 0.812500 0.142857 0.267857
8 0.613839 0.915179 0.227679 0.169643
8 0.080357 0.953125 0.151786 0.093750
