6 0.506696 0.506696 0.379464 0.361607
8 0.332589 0.232143 0.218750 0.223214
8 0.555804 0.265625 0.209821 0.236607
8 0.720982 0.189732 0.227679 0.254464
8 0.928571 0.397321 0.142857 0.214286
8 0.939732 0.145089 0.120536 0.236607
8 0.886161 0.607143 0.227679 0.232143
8 0.747768 0.781250 0.227679 0.232143
8 0.924107 0.861607 0.151786 0.241071
8 0.774554 0.962054 0.174107 0.075893
8 0.542411 0.948661 0.227679 0.102679
8 0.254464 0.828125 0.276786 0.218750
8 0.149554 0.613839 0.290179 0.227679
8 0.229911 0.430804 0.227679 0.209821
8 0.104911 0.258929 0.200893 0.223214
8 0.225446 0.071429 0.254464 0.133929
8 0.526786 0.073661 0.241071 0.138393
