6 0.508929 0.495536 0.232143 0.241071
6 0.180804 0.718750 0.066964 0.098214
8 0.529018 0.250000 0.245536 0.223214
8 0.745536 0.332589 0.258929 0.227679
8 0.895089 0.504464 0.209821 0.205357
8 0.707589 0.558036 0.218750 0.223214
8 0.933036 0.709821 0.133929 0.267857
8 0.500000 0.915179 0.250000 0.169643
8 0.180804 0.859375 0.245536 0.245536
8 0.051339 0.683036 0.093750 0.250000
8 0.229911 0.598214 0.272321 0.205357
8 0.290179 0.379464 0.267857 0.232143
8 0.165179 0.263393 0.276786 0.205357
8 0.229911 0.051339 0.200893 0.093750
8 0.433036 0.055804 0.178571 0.102679
8 0.642857 0.073661 0.250000 0.138393
