6 0.511161 0.500000 0.316964 0.303571
8 0.102679 0.216518 0.196429 0.236607
8 0.285714 0.569196 0.232143 0.218750
8 0.258929 0.656250 0.223214 0.196429
8 0.133929 0.674107 0.232143 0.205357
8 0.064732 0.457589 0.120536 0.254464
8 0.640625 0.078125 0.218750 0.147321
8 0.962054 0.593750 0.075893 0.178571
8 0.901786 0.787946 0.196429 0.209821
8 0.720982 0.955357 0.183036 0.089286
8 0.832589 0.970982 0.200893 0.058036
8 0.928571 0.948661 0.142857 0.102679
8 0.491071 0.928571 0.196429 0.142857
8 0.388393 0.841518 0.214286 0.227679
8 0.232143 0.946429 0.223214 0.107143
