6 0.488839 0.504464 0.316964 0.294643
6 0.033482 0.854911 0.058036 0.147321
6 0.924107 0.805804 0.080357 0.075893
6 0.238839 0.107143 0.102679 0.133929
8 0.910714 0.468750 0.178571 0.205357
8 0.765625 0.542411 0.183036 0.218750
8 0.779018 0.354911 0.254464 0.191964
8 0.633929 0.196429 0.223214 0.205357
8 0.479911 0.169643 0.191964 0.214286
8 0.435268 0.035714 0.209821 0.062500
8 0.640625 0.042411 0.183036 0.075893
8 0.156250 0.392857 0.250000 0.258929
8 0.225446 0.640625 0.218750 0.191964
8 0.258929 0.712054 0.178571 0.200893
8 0.470982 0.756696 0.227679 0.218750
8 0.716518 0.770089 0.218750 0.165179
8 0.645089 0.832589 0.191964 0.165179
8 0.810268 0.935268 0.183036 0.129464
8 0.968750 0.290179 0.062500 0.151786
