6 0.477679 0.482143 0.366071 0.446429
8 0.109375 0.042411 0.209821 0.075893
8 0.203125 0.395089 0.263393 0.254464
8 0.140625 0.649554 0.236607 0.227679
8 0.156250 0.892857 0.241071 0.214286
8 0.419643 0.816964 0.258929 0.223214
8 0.638393 0.910714 0.258929 0.178571
8 0.772321 0.678571 0.205357 0.205357
8 0.928571 0.805804 0.142857 0.245536
8 0.912946 0.500000 0.174107 0.223214
8 0.899554 0.263393 0.200893 0.223214
8 0.674107 0.245536 0.232143 0.223214
8 0.526786 0.102679 0.232143 0.196429
8 0.823661 0.066964 0.218750 0.125000
