6 0.504464 0.495536 0.294643 0.321429
6 0.046875 0.395089 0.084821 0.084821
8 0.495536 0.098214 0.214286 0.187500
8 0.258929 0.080357 0.196429 0.151786
8 0.073661 0.042411 0.138393 0.075893
8 0.118304 0.234375 0.209821 0.200893
8 0.263393 0.428571 0.160714 0.232143
8 0.129464 0.522321 0.223214 0.196429
8 0.049107 0.691964 0.089286 0.196429
8 0.321429 0.687500 0.205357 0.205357
8 0.209821 0.901786 0.250000 0.196429
8 0.607143 0.921875 0.223214 0.156250
8 0.674107 0.720982 0.232143 0.218750
8 0.912946 0.787946 0.174107 0.227679
8 0.941964 0.953125 0.116071 0.093750
8 0.785714 0.513393 0.241071 0.196429
8 0.964286 0.470982 0.071429 0.183036
8 0.631696 0.267857 0.218750 0.178571
8 0.837054 0.209821 0.200893 0.196429
8 0.765625 0.055804 0.227679 0.102679
8 0.975446 0.167411 0.049107 0.183036
