6 0.488839 0.493304 0.397321 0.281250
8 0.310268 0.156250 0.200893 0.223214
8 0.584821 0.089286 0.205357 0.169643
8 0.859375 0.095982 0.227679 0.174107
8 0.933036 0.109375 0.133929 0.209821
8 0.915179 0.410714 0.169643 0.232143
8 0.718750 0.388393 0.205357 0.214286
8 0.625000 0.296875 0.196429 0.183036
8 0.819196 0.609375 0.227679 0.227679
8 0.651786 0.723214 0.232143 0.223214
8 0.433036 0.770089 0.205357 0.218750
8 0.216518 0.770089 0.191964 0.209821
8 0.332589 0.928571 0.236607 0.142857
8 0.107143 0.616071 0.205357 0.214286
8 0.058036 0.843750 0.107143 0.196429
8 0.227679 0.419643 0.232143 0.223214
8 0.089286 0.254464 0.169643 0.196429
