6 0.506696 0.504464 0.352679 0.303571
8 0.265625 0.361607 0.200893 0.258929
8 0.370536 0.118304 0.250000 0.227679
8 0.165179 0.149554 0.205357 0.254464
8 0.075893 0.062500 0.142857 0.116071
8 0.078125 0.372768 0.147321 0.209821
8 0.071429 0.600446 0.133929 0.209821
8 0.149554 0.799107 0.209821 0.214286
8 0.287946 0.620536 0.191964 0.223214
8 0.310268 0.895089 0.236607 0.209821
8 0.531250 0.897321 0.214286 0.205357
8 0.636161 0.738839 0.218750 0.191964
8 0.866071 0.758929 0.223214 0.232143
8 0.930804 0.924107 0.138393 0.151786
8 0.810268 0.544643 0.183036 0.205357
8 0.939732 0.417411 0.120536 0.227679
8 0.790179 0.299107 0.223214 0.196429
8 0.595982 0.185268 0.209821 0.209821
8 0.845982 0.098214 0.209821 0.187500
