6 0.500000 0.482143 0.321429 0.285714
8 0.832589 0.388393 0.227679 0.250000
8 0.881696 0.165179 0.218750 0.232143
8 0.631696 0.120536 0.245536 0.223214
8 0.609375 0.308036 0.254464 0.205357
8 0.767857 0.689732 0.223214 0.218750
8 0.941964 0.725446 0.116071 0.227679
8 0.926339 0.937500 0.147321 0.125000
8 0.741071 0.901786 0.187500 0.196429
8 0.533482 0.868304 0.218750 0.236607
8 0.399554 0.953125 0.218750 0.093750
8 0.183036 0.912946 0.214286 0.174107
8 0.051339 0.743304 0.093750 0.209821
8 0.272321 0.654018 0.205357 0.236607
8 0.091518 0.553571 0.174107 0.214286
8 0.256696 0.375000 0.227679 0.223214
8 0.357143 0.252232 0.250000 0.165179
8 0.212054 0.120536 0.245536 0.232143
8 0.040179 0.093750 0.071429 0.178571
