6 0.488839 0.502232 0.343750 0.299107
6 0.325893 0.953125 0.107143 0.093750
8 0.292411 0.247768 0.209821 0.218750
8 0.171875 0.301339 0.227679 0.218750
8 0.131696 0.107143 0.254464 0.205357
8 0.642857 0.127232 0.250000 0.245536
8 0.937500 0.158482 0.125000 0.236607
8 0.832589 0.529018 0.245536 0.236607
8 0.232143 0.506696 0.232143 0.183036
8 0.265625 0.687500 0.191964 0.205357
8 0.095982 0.732143 0.183036 0.250000
8 0.482143 0.754464 0.267857 0.205357
8 0.716518 0.776786 0.236607 0.223214
8 0.904018 0.917411 0.191964 0.165179
8 0.645089 0.959821 0.227679 0.080357
