6 0.511161 0.508929 0.397321 0.375000
6 0.341518 0.075893 0.066964 0.107143
8 0.618304 0.098214 0.254464 0.187500
8 0.792411 0.220982 0.209821 0.245536
8 0.799107 0.348214 0.196429 0.250000
8 0.948661 0.187500 0.102679 0.232143
8 0.236607 0.200893 0.241071 0.205357
8 0.274554 0.053571 0.200893 0.098214
8 0.089286 0.533482 0.169643 0.218750
8 0.205357 0.687500 0.232143 0.187500
8 0.361607 0.792411 0.205357 0.191964
8 0.714286 0.654018 0.187500 0.200893
8 0.897321 0.580357 0.178571 0.258929
8 0.899554 0.830357 0.191964 0.214286
8 0.602679 0.904018 0.258929 0.191964
8 0.392857 0.950893 0.196429 0.098214
8 0.209821 0.968750 0.142857 0.062500
8 0.087054 0.915179 0.165179 0.169643
