6 0.508929 0.488839 0.303571 0.281250
6 0.638393 0.930804 0.285714 0.138393
8 0.459821 0.232143 0.258929 0.232143
8 0.375000 0.158482 0.214286 0.209821
8 0.872768 0.156250 0.254464 0.241071
8 0.848214 0.375000 0.241071 0.169643
8 0.919643 0.437500 0.160714 0.214286
8 0.303571 0.647321 0.214286 0.196429
8 0.160714 0.377232 0.196429 0.209821
8 0.136161 0.160714 0.263393 0.196429
8 0.037946 0.412946 0.066964 0.218750
8 0.089286 0.687500 0.169643 0.241071
8 0.544643 0.752232 0.232143 0.218750
8 0.866071 0.741071 0.214286 0.241071
8 0.310268 0.888393 0.272321 0.223214
