6 0.495536 0.517857 0.383929 0.366071
8 0.216518 0.209821 0.209821 0.214286
8 0.446429 0.131696 0.223214 0.236607
8 0.662946 0.098214 0.191964 0.187500
8 0.705357 0.354911 0.223214 0.236607
8 0.910714 0.350446 0.178571 0.254464
8 0.877232 0.584821 0.209821 0.232143
8 0.812500 0.812500 0.196429 0.223214
8 0.924107 0.890625 0.151786 0.218750
8 0.529018 0.899554 0.236607 0.200893
8 0.513393 0.779018 0.214286 0.191964
8 0.279018 0.935268 0.209821 0.129464
8 0.095982 0.964286 0.156250 0.071429
8 0.310268 0.658482 0.218750 0.218750
8 0.109375 0.575893 0.209821 0.241071
8 0.272321 0.417411 0.223214 0.254464
8 0.053571 0.258929 0.098214 0.241071
8 0.149554 0.062500 0.236607 0.116071
