6 0.504464 0.493304 0.392857 0.361607
8 0.774554 0.645089 0.183036 0.209821
8 0.953125 0.738839 0.093750 0.191964
8 0.966518 0.535714 0.066964 0.187500
8 0.899554 0.368304 0.183036 0.227679
8 0.683036 0.292411 0.223214 0.218750
8 0.803571 0.104911 0.223214 0.200893
8 0.446429 0.189732 0.250000 0.218750
8 0.274554 0.348214 0.200893 0.214286
8 0.290179 0.571429 0.241071 0.196429
8 0.198661 0.743304 0.209821 0.227679
8 0.073661 0.593750 0.138393 0.187500
8 0.428571 0.783482 0.214286 0.227679
8 0.633929 0.877232 0.187500 0.200893
8 0.417411 0.962054 0.200893 0.075893
