6 0.477679 0.493304 0.312500 0.272321
8 0.488839 0.189732 0.218750 0.218750
8 0.348214 0.196429 0.232143 0.241071
8 0.229911 0.419643 0.209821 0.241071
8 0.209821 0.591518 0.205357 0.209821
8 0.100446 0.397321 0.191964 0.232143
8 0.147321 0.058036 0.241071 0.107143
8 0.718750 0.069196 0.321429 0.129464
8 0.341518 0.033482 0.281250 0.058036
8 0.727679 0.314732 0.258929 0.254464
8 0.779018 0.495536 0.245536 0.250000
8 0.928571 0.379464 0.142857 0.223214
8 0.917411 0.674107 0.165179 0.250000
8 0.792411 0.812500 0.263393 0.223214
8 0.908482 0.955357 0.183036 0.089286
8 0.524554 0.790179 0.272321 0.258929
8 0.386161 0.912946 0.245536 0.174107
8 0.138393 0.933036 0.232143 0.133929
8 0.102679 0.779018 0.196429 0.236607
