6 0.504464 0.504464 0.303571 0.294643
6 0.386161 0.212054 0.111607 0.084821
8 0.687500 0.258929 0.214286 0.223214
8 0.508929 0.154018 0.214286 0.227679
8 0.754464 0.450893 0.214286 0.223214
8 0.946429 0.363839 0.107143 0.191964
8 0.933036 0.145089 0.133929 0.227679
8 0.758929 0.696429 0.196429 0.205357
8 0.854911 0.669643 0.209821 0.241071
8 0.560268 0.716518 0.245536 0.191964
8 0.573661 0.899554 0.299107 0.200893
8 0.203125 0.799107 0.218750 0.232143
8 0.337054 0.747768 0.200893 0.227679
8 0.256696 0.953125 0.254464 0.093750
8 0.087054 0.337054 0.165179 0.218750
8 0.053571 0.113839 0.098214 0.218750
