6 0.508929 0.500000 0.357143 0.401786
8 0.651786 0.276786 0.214286 0.205357
8 0.928571 0.243304 0.142857 0.209821
8 0.758929 0.098214 0.205357 0.187500
8 0.841518 0.080357 0.200893 0.151786
8 0.430804 0.174107 0.218750 0.178571
8 0.091518 0.180804 0.174107 0.218750
8 0.705357 0.676339 0.214286 0.218750
8 0.843750 0.803571 0.214286 0.205357
8 0.908482 0.957589 0.183036 0.084821
8 0.513393 0.964286 0.214286 0.071429
8 0.321429 0.910714 0.214286 0.178571
8 0.174107 0.763393 0.214286 0.196429
8 0.116071 0.950893 0.223214 0.098214
