6 0.513393 0.511161 0.294643 0.388393
8 0.183036 0.430804 0.205357 0.245536
8 0.216518 0.582589 0.191964 0.191964
8 0.162946 0.654018 0.209821 0.191964
8 0.207589 0.888393 0.236607 0.223214
8 0.100446 0.261161 0.191964 0.209821
8 0.044643 0.089286 0.080357 0.169643
8 0.218750 0.058036 0.223214 0.107143
8 0.299107 0.171875 0.223214 0.183036
8 0.419643 0.247768 0.250000 0.200893
8 0.895089 0.174107 0.209821 0.241071
8 0.892857 0.412946 0.214286 0.227679
8 0.830357 0.758929 0.258929 0.241071
8 0.868304 0.928571 0.245536 0.142857
