6 0.502232 0.500000 0.325893 0.285714
6 0.852679 0.879464 0.116071 0.133929
8 0.667411 0.263393 0.218750 0.187500
8 0.752232 0.493304 0.209821 0.218750
8 0.879464 0.680804 0.133929 0.263393
8 0.959821 0.899554 0.080357 0.200893
8 0.620536 0.725446 0.232143 0.227679
8 0.334821 0.337054 0.187500 0.191964
8 0.151786 0.200893 0.187500 0.205357
8 0.091518 0.053571 0.174107 0.098214
8 0.486607 0.075893 0.250000 0.142857
8 0.720982 0.049107 0.281250 0.089286
8 0.937500 0.113839 0.125000 0.218750
8 0.118304 0.406250 0.227679 0.196429
8 0.136161 0.948661 0.263393 0.102679
8 0.301339 0.743304 0.290179 0.191964
