6 0.513393 0.500000 0.312500 0.303571
8 0.098214 0.129464 0.187500 0.250000
8 0.205357 0.325893 0.205357 0.223214
8 0.354911 0.238839 0.209821 0.236607
8 0.569196 0.270089 0.209821 0.218750
8 0.687500 0.156250 0.232143 0.250000
8 0.890625 0.125000 0.218750 0.241071
8 0.901786 0.408482 0.196429 0.191964
8 0.774554 0.595982 0.227679 0.236607
8 0.962054 0.633929 0.075893 0.232143
8 0.861607 0.919643 0.214286 0.160714
8 0.629464 0.799107 0.223214 0.232143
8 0.399554 0.743304 0.200893 0.254464
8 0.493304 0.948661 0.209821 0.102679
8 0.194196 0.812500 0.227679 0.214286
8 0.100446 0.946429 0.191964 0.107143
8 0.223214 0.566964 0.232143 0.232143
8 0.053571 0.381696 0.098214 0.227679
