6 0.506696 0.513393 0.370536 0.294643
8 0.341518 0.234375 0.254464 0.236607
8 0.109375 0.100446 0.209821 0.191964
8 0.578125 0.247768 0.245536 0.209821
8 0.542411 0.091518 0.227679 0.174107
8 0.852679 0.165179 0.258929 0.241071
8 0.837054 0.553571 0.236607 0.276786
8 0.848214 0.790179 0.187500 0.196429
8 0.928571 0.830357 0.142857 0.223214
8 0.696429 0.901786 0.214286 0.196429
8 0.388393 0.723214 0.223214 0.223214
8 0.220982 0.631696 0.209821 0.200893
8 0.053571 0.533482 0.098214 0.218750
8 0.209821 0.872768 0.214286 0.254464
8 0.058036 0.908482 0.107143 0.183036
