6 0.497768 0.508929 0.316964 0.321429
8 0.578125 0.095982 0.209821 0.183036
8 0.716518 0.250000 0.227679 0.214286
8 0.957589 0.129464 0.084821 0.214286
8 0.162946 0.089286 0.209821 0.169643
8 0.279018 0.265625 0.272321 0.218750
8 0.236607 0.462054 0.223214 0.218750
8 0.066964 0.339286 0.125000 0.196429
8 0.104911 0.636161 0.200893 0.218750
8 0.178571 0.857143 0.196429 0.232143
8 0.412946 0.792411 0.263393 0.245536
8 0.750000 0.899554 0.267857 0.200893
8 0.939732 0.832589 0.120536 0.227679
8 0.801339 0.645089 0.218750 0.227679
8 0.944196 0.580357 0.111607 0.214286
