6 0.513393 0.522321 0.348214 0.330357
6 0.598214 0.935268 0.116071 0.066964
6 0.283482 0.303571 0.093750 0.125000
8 0.321429 0.294643 0.205357 0.214286
8 0.104911 0.225446 0.200893 0.263393
8 0.091518 0.640625 0.174107 0.227679
8 0.154018 0.857143 0.227679 0.223214
8 0.475446 0.812500 0.272321 0.214286
8 0.741071 0.685268 0.232143 0.209821
8 0.790179 0.895089 0.214286 0.209821
8 0.937500 0.794643 0.125000 0.223214
8 0.883929 0.404018 0.205357 0.227679
8 0.915179 0.314732 0.169643 0.245536
8 0.647321 0.261161 0.232143 0.245536
8 0.785714 0.042411 0.214286 0.075893
