6 0.508929 0.526786 0.357143 0.303571
8 0.680804 0.359375 0.227679 0.254464
8 0.723214 0.116071 0.241071 0.223214
8 0.910714 0.203125 0.178571 0.254464
8 0.937500 0.761161 0.125000 0.263393
8 0.845982 0.924107 0.272321 0.151786
8 0.564732 0.774554 0.254464 0.200893
8 0.276786 0.756696 0.267857 0.236607
8 0.189732 0.537946 0.236607 0.200893
8 0.053571 0.602679 0.098214 0.214286
8 0.196429 0.294643 0.267857 0.267857
8 0.392857 0.316964 0.205357 0.241071
8 0.066964 0.234375 0.125000 0.254464
8 0.142857 0.033482 0.241071 0.058036
8 0.386161 0.033482 0.200893 0.058036
8 0.100446 0.950893 0.191964 0.098214
8 0.325893 0.937500 0.267857 0.125000
