6 0.482143 0.508929 0.321429 0.294643
6 0.194196 0.587054 0.138393 0.138393
8 0.750000 0.151786 0.232143 0.187500
8 0.741071 0.395089 0.241071 0.218750
8 0.875000 0.341518 0.223214 0.236607
8 0.879464 0.703125 0.232143 0.254464
8 0.861607 0.939732 0.214286 0.120536
8 0.633929 0.767857 0.250000 0.241071
8 0.323661 0.696429 0.200893 0.178571
8 0.080357 0.522321 0.151786 0.214286
8 0.089286 0.957589 0.169643 0.084821
8 0.305804 0.209821 0.245536 0.205357
8 0.484375 0.060268 0.227679 0.111607
8 0.185268 0.049107 0.218750 0.089286
