6 0.495536 0.495536 0.294643 0.401786
8 0.723214 0.392857 0.214286 0.214286
8 0.912946 0.473214 0.174107 0.258929
8 0.939732 0.613839 0.120536 0.236607
8 0.834821 0.671875 0.223214 0.209821
8 0.720982 0.870536 0.218750 0.214286
8 0.604911 0.756696 0.272321 0.245536
8 0.493304 0.908482 0.245536 0.183036
8 0.265625 0.937500 0.209821 0.125000
8 0.129464 0.819196 0.196429 0.209821
8 0.294643 0.674107 0.205357 0.214286
8 0.189732 0.457589 0.254464 0.218750
8 0.078125 0.256696 0.147321 0.227679
8 0.285714 0.205357 0.232143 0.223214
8 0.533482 0.191964 0.218750 0.241071
8 0.904018 0.187500 0.191964 0.205357
8 0.714286 0.080357 0.214286 0.151786
