6 0.513393 0.500000 0.357143 0.526786
8 0.696429 0.238839 0.241071 0.218750
8 0.745536 0.495536 0.205357 0.232143
8 0.758929 0.645089 0.214286 0.209821
8 0.919643 0.526786 0.160714 0.303571
8 0.953125 0.274554 0.093750 0.218750
8 0.741071 0.062500 0.241071 0.116071
8 0.399554 0.049107 0.209821 0.089286
8 0.120536 0.100446 0.232143 0.191964
8 0.352679 0.212054 0.196429 0.227679
8 0.287946 0.439732 0.200893 0.254464
8 0.051339 0.234375 0.093750 0.209821
8 0.064732 0.709821 0.120536 0.232143
8 0.142857 0.930804 0.205357 0.138393
8 0.361607 0.915179 0.187500 0.169643
8 0.533482 0.814732 0.263393 0.191964
8 0.810268 0.895089 0.236607 0.209821
