6 0.504464 0.504464 0.357143 0.375000
8 0.573661 0.098214 0.227679 0.187500
8 0.917411 0.196429 0.165179 0.223214
8 0.863839 0.044643 0.218750 0.080357
8 0.263393 0.256696 0.250000 0.218750
8 0.274554 0.513393 0.147321 0.258929
8 0.127232 0.520089 0.200893 0.200893
8 0.136161 0.685268 0.236607 0.218750
8 0.245536 0.895089 0.250000 0.209821
8 0.060268 0.910714 0.111607 0.178571
8 0.542411 0.772321 0.227679 0.214286
8 0.656250 0.910714 0.232143 0.178571
8 0.772321 0.732143 0.232143 0.223214
8 0.912946 0.660714 0.174107 0.223214
8 0.919643 0.921875 0.160714 0.156250
