6 0.497768 0.508929 0.308036 0.357143
8 0.774554 0.390625 0.227679 0.218750
8 0.901786 0.598214 0.196429 0.250000
8 0.895089 0.921875 0.209821 0.156250
8 0.649554 0.928571 0.227679 0.142857
8 0.410714 0.750000 0.205357 0.205357
8 0.243304 0.651786 0.209821 0.196429
8 0.212054 0.875000 0.236607 0.196429
8 0.332589 0.944196 0.236607 0.111607
8 0.058036 0.756696 0.107143 0.245536
8 0.109375 0.446429 0.200893 0.241071
8 0.238839 0.428571 0.209821 0.223214
8 0.225446 0.185268 0.254464 0.236607
8 0.082589 0.049107 0.156250 0.089286
8 0.622768 0.171875 0.209821 0.218750
8 0.908482 0.232143 0.183036 0.223214
8 0.705357 0.037946 0.223214 0.066964
8 0.917411 0.049107 0.165179 0.089286
