6 0.506696 0.488839 0.308036 0.433036
8 0.892857 0.301339 0.214286 0.227679
8 0.758929 0.520089 0.205357 0.227679
8 0.908482 0.678571 0.183036 0.205357
8 0.935268 0.883929 0.129464 0.205357
8 0.700893 0.783482 0.250000 0.227679
8 0.939732 0.102679 0.120536 0.196429
8 0.618304 0.040179 0.227679 0.071429
8 0.502232 0.169643 0.227679 0.214286
8 0.276786 0.089286 0.258929 0.169643
8 0.122768 0.087054 0.236607 0.165179
8 0.060268 0.241071 0.111607 0.241071
8 0.247768 0.265625 0.272321 0.191964
8 0.276786 0.482143 0.214286 0.223214
8 0.084821 0.466518 0.160714 0.227679
8 0.272321 0.725446 0.258929 0.227679
8 0.069196 0.756696 0.129464 0.218750
8 0.125000 0.921875 0.241071 0.156250
8 0.493304 0.890625 0.227679 0.218750
8 0.756696 0.970982 0.183036 0.058036
