6 0.508929 0.491071 0.294643 0.276786
8 0.316964 0.183036 0.232143 0.250000
8 0.654018 0.290179 0.227679 0.250000
8 0.888393 0.250000 0.223214 0.250000
8 0.562500 0.071429 0.258929 0.133929
8 0.111607 0.071429 0.214286 0.133929
8 0.209821 0.406250 0.232143 0.232143
8 0.078125 0.640625 0.147321 0.236607
8 0.209821 0.790179 0.232143 0.232143
8 0.430804 0.895089 0.227679 0.209821
8 0.618304 0.745536 0.272321 0.250000
8 0.794643 0.564732 0.241071 0.236607
8 0.946429 0.709821 0.107143 0.267857
8 0.727679 0.964286 0.214286 0.071429
