6 0.477679 0.551339 0.366071 0.272321
6 0.562500 0.368304 0.098214 0.111607
8 0.593750 0.220982 0.267857 0.254464
8 0.763393 0.412946 0.232143 0.254464
8 0.861607 0.421875 0.214286 0.245536
8 0.910714 0.671875 0.178571 0.200893
8 0.937500 0.843750 0.125000 0.223214
8 0.863839 0.888393 0.165179 0.223214
8 0.613839 0.787946 0.236607 0.209821
8 0.683036 0.645089 0.223214 0.200893
8 0.484375 0.933036 0.218750 0.133929
8 0.160714 0.772321 0.214286 0.232143
8 0.035714 0.656250 0.062500 0.196429
8 0.044643 0.908482 0.080357 0.174107
8 0.187500 0.948661 0.232143 0.102679
8 0.283482 0.312500 0.227679 0.232143
8 0.308036 0.154018 0.267857 0.218750
8 0.379464 0.064732 0.250000 0.120536
8 0.107143 0.082589 0.205357 0.156250
8 0.808036 0.029018 0.214286 0.049107
8 0.962054 0.180804 0.075893 0.174107
