6 0.511161 0.497768 0.299107 0.379464
6 0.303571 0.674107 0.071429 0.116071
8 0.785714 0.189732 0.214286 0.218750
8 0.957589 0.404018 0.084821 0.200893
8 0.950893 0.165179 0.098214 0.223214
8 0.763393 0.037946 0.232143 0.066964
8 0.513393 0.113839 0.250000 0.218750
8 0.198661 0.241071 0.227679 0.160714
8 0.165179 0.428571 0.241071 0.196429
8 0.053571 0.564732 0.098214 0.209821
8 0.267857 0.633929 0.241071 0.223214
8 0.665179 0.752232 0.169643 0.281250
8 0.830357 0.533482 0.241071 0.236607
8 0.897321 0.767857 0.205357 0.214286
8 0.372768 0.957589 0.227679 0.084821
8 0.727679 0.966518 0.223214 0.066964
8 0.116071 0.888393 0.214286 0.187500
