6 0.508929 0.493304 0.294643 0.308036
8 0.493304 0.212054 0.245536 0.218750
8 0.816964 0.455357 0.250000 0.196429
8 0.959821 0.279018 0.080357 0.227679
8 0.738839 0.098214 0.245536 0.187500
8 0.470982 0.026786 0.218750 0.044643
8 0.241071 0.125000 0.241071 0.214286
8 0.136161 0.107143 0.218750 0.205357
8 0.073661 0.267857 0.138393 0.214286
8 0.234375 0.386161 0.218750 0.236607
8 0.209821 0.529018 0.223214 0.245536
8 0.125000 0.765625 0.223214 0.236607
8 0.058036 0.823661 0.107143 0.236607
8 0.372768 0.850446 0.209821 0.227679
8 0.595982 0.904018 0.227679 0.191964
8 0.897321 0.828125 0.205357 0.245536
8 0.725446 0.654018 0.209821 0.209821
