6 0.497768 0.611607 0.441964 0.383929
8 0.441964 0.212054 0.241071 0.174107
8 0.662946 0.312500 0.245536 0.214286
8 0.854911 0.470982 0.236607 0.218750
8 0.892857 0.243304 0.214286 0.227679
8 0.910714 0.029018 0.178571 0.049107
8 0.513393 0.058036 0.223214 0.107143
8 0.102679 0.060268 0.196429 0.111607
8 0.071429 0.116071 0.133929 0.169643
8 0.080357 0.332589 0.151786 0.236607
8 0.145089 0.591518 0.236607 0.236607
8 0.051339 0.790179 0.093750 0.205357
8 0.290179 0.790179 0.250000 0.214286
8 0.386161 0.953125 0.183036 0.093750
8 0.595982 0.890625 0.218750 0.218750
8 0.794643 0.763393 0.223214 0.258929
8 0.944196 0.897321 0.111607 0.205357
