6 0.511161 0.522321 0.334821 0.330357
8 0.881696 0.276786 0.200893 0.205357
8 0.950893 0.107143 0.098214 0.205357
8 0.819196 0.482143 0.245536 0.232143
8 0.752232 0.696429 0.254464 0.223214
8 0.924107 0.837054 0.151786 0.272321
8 0.765625 0.935268 0.236607 0.129464
8 0.502232 0.772321 0.236607 0.214286
8 0.276786 0.803571 0.223214 0.223214
8 0.066964 0.906250 0.125000 0.187500
8 0.205357 0.573661 0.205357 0.218750
8 0.174107 0.352679 0.258929 0.223214
8 0.337054 0.138393 0.209821 0.205357
8 0.129464 0.082589 0.214286 0.156250
8 0.625000 0.046875 0.223214 0.084821
8 0.064732 0.450893 0.120536 0.250000
