6 0.504464 0.486607 0.348214 0.366071
6 0.308036 0.790179 0.107143 0.098214
8 0.357143 0.229911 0.223214 0.236607
8 0.591518 0.209821 0.218750 0.205357
8 0.776786 0.341518 0.205357 0.191964
8 0.779018 0.535714 0.200893 0.187500
8 0.939732 0.479911 0.120536 0.245536
8 0.959821 0.252232 0.080357 0.191964
8 0.908482 0.078125 0.183036 0.147321
8 0.598214 0.053571 0.258929 0.098214
8 0.120536 0.207589 0.205357 0.218750
8 0.198661 0.537946 0.245536 0.191964
8 0.154018 0.723214 0.200893 0.232143
8 0.082589 0.917411 0.156250 0.165179
8 0.354911 0.955357 0.200893 0.089286
8 0.584821 0.908482 0.241071 0.183036
8 0.736607 0.738839 0.232143 0.209821
8 0.888393 0.743304 0.223214 0.245536
