6 0.495536 0.506696 0.303571 0.316964
8 0.656250 0.279018 0.241071 0.254464
8 0.674107 0.122768 0.241071 0.236607
8 0.919643 0.102679 0.160714 0.196429
8 0.877232 0.321429 0.191964 0.196429
8 0.944196 0.495536 0.111607 0.223214
8 0.774554 0.508929 0.236607 0.250000
8 0.904018 0.828125 0.191964 0.218750
8 0.678571 0.729911 0.258929 0.209821
8 0.723214 0.928571 0.214286 0.142857
8 0.466518 0.808036 0.254464 0.232143
8 0.511161 0.973214 0.191964 0.053571
8 0.258929 0.906250 0.232143 0.187500
8 0.071429 0.928571 0.133929 0.142857
8 0.064732 0.691964 0.120536 0.223214
8 0.225446 0.564732 0.227679 0.218750
8 0.229911 0.321429 0.236607 0.232143
8 0.051339 0.328125 0.093750 0.236607
8 0.316964 0.102679 0.223214 0.196429
8 0.107143 0.053571 0.205357 0.098214
