6 0.500000 0.486607 0.321429 0.321429
8 0.508929 0.732143 0.214286 0.169643
8 0.524554 0.906250 0.263393 0.178571
8 0.781250 0.915179 0.214286 0.169643
8 0.705357 0.970982 0.169643 0.058036
8 0.330357 0.962054 0.196429 0.075893
8 0.783482 0.531250 0.227679 0.241071
8 0.792411 0.189732 0.218750 0.227679
8 0.604911 0.243304 0.209821 0.209821
8 0.296875 0.294643 0.227679 0.232143
8 0.100446 0.145089 0.191964 0.209821
8 0.095982 0.457589 0.183036 0.236607
8 0.256696 0.537946 0.183036 0.227679
8 0.285714 0.743304 0.214286 0.200893
8 0.087054 0.819196 0.165179 0.200893
