6 0.500000 0.491071 0.375000 0.375000
6 0.841518 0.975446 0.191964 0.049107
6 0.430804 0.024554 0.111607 0.040179
8 0.223214 0.457589 0.223214 0.200893
8 0.227679 0.607143 0.196429 0.214286
8 0.433036 0.752232 0.241071 0.200893
8 0.162946 0.843750 0.254464 0.214286
8 0.091518 0.946429 0.174107 0.107143
8 0.071429 0.647321 0.133929 0.258929
8 0.102679 0.272321 0.196429 0.187500
8 0.131696 0.095982 0.254464 0.183036
8 0.508929 0.223214 0.214286 0.178571
8 0.415179 0.129464 0.178571 0.187500
8 0.631696 0.104911 0.281250 0.200893
8 0.738839 0.263393 0.209821 0.241071
8 0.897321 0.154018 0.205357 0.183036
8 0.854911 0.439732 0.191964 0.236607
8 0.950893 0.647321 0.098214 0.205357
8 0.776786 0.685268 0.223214 0.218750
8 0.966518 0.892857 0.066964 0.169643
8 0.406250 0.955357 0.205357 0.089286
8 0.854911 0.033482 0.191964 0.058036
