6 0.484375 0.549107 0.397321 0.357143
6 0.917411 0.631696 0.058036 0.102679
8 0.578125 0.781250 0.245536 0.241071
8 0.656250 0.828125 0.169643 0.209821
8 0.729911 0.955357 0.245536 0.089286
8 0.763393 0.595982 0.196429 0.227679
8 0.917411 0.497768 0.165179 0.191964
8 0.819196 0.305804 0.209821 0.254464
8 0.488839 0.113839 0.245536 0.218750
8 0.816964 0.075893 0.196429 0.142857
8 0.183036 0.053571 0.214286 0.098214
8 0.053571 0.058036 0.098214 0.107143
8 0.131696 0.361607 0.227679 0.223214
8 0.100446 0.607143 0.191964 0.258929
8 0.247768 0.899554 0.281250 0.200893
