6 0.495536 0.495536 0.348214 0.312500
6 0.705357 0.225446 0.089286 0.111607
8 0.861607 0.198661 0.241071 0.236607
8 0.944196 0.227679 0.111607 0.241071
8 0.906250 0.462054 0.187500 0.227679
8 0.917411 0.696429 0.165179 0.223214
8 0.973214 0.908482 0.053571 0.183036
8 0.705357 0.662946 0.214286 0.218750
8 0.491071 0.770089 0.223214 0.227679
8 0.316964 0.868304 0.223214 0.218750
8 0.107143 0.928571 0.205357 0.142857
8 0.091518 0.732143 0.174107 0.223214
8 0.270089 0.656250 0.191964 0.196429
8 0.147321 0.453125 0.258929 0.236607
8 0.267857 0.323661 0.241071 0.263393
8 0.419643 0.154018 0.223214 0.218750
8 0.272321 0.046875 0.232143 0.084821
8 0.091518 0.212054 0.174107 0.209821
