6 0.531250 0.502232 0.303571 0.308036
6 0.325893 0.553571 0.116071 0.107143
8 0.455357 0.232143 0.241071 0.223214
8 0.209821 0.073661 0.241071 0.138393
8 0.116071 0.218750 0.223214 0.223214
8 0.064732 0.479911 0.120536 0.236607
8 0.229911 0.455357 0.209821 0.196429
8 0.209821 0.640625 0.223214 0.209821
8 0.404018 0.747768 0.227679 0.245536
8 0.631696 0.720982 0.218750 0.209821
8 0.779018 0.569196 0.236607 0.236607
8 0.946429 0.493304 0.107143 0.254464
8 0.658482 0.095982 0.200893 0.183036
8 0.794643 0.060268 0.232143 0.111607
8 0.816964 0.792411 0.187500 0.236607
8 0.631696 0.912946 0.236607 0.174107
8 0.959821 0.816964 0.080357 0.187500
8 0.953125 0.933036 0.093750 0.133929
8 0.314732 0.959821 0.191964 0.080357
