6 0.500000 0.513393 0.330357 0.312500
6 0.031250 0.531250 0.053571 0.116071
8 0.332589 0.232143 0.209821 0.196429
8 0.127232 0.082589 0.245536 0.156250
8 0.725446 0.361607 0.218750 0.250000
8 0.863839 0.323661 0.236607 0.236607
8 0.955357 0.154018 0.089286 0.236607
8 0.890625 0.049107 0.218750 0.089286
8 0.716518 0.732143 0.227679 0.250000
8 0.935268 0.779018 0.129464 0.218750
8 0.441964 0.810268 0.232143 0.218750
8 0.968750 0.504464 0.062500 0.187500
8 0.267857 0.651786 0.205357 0.205357
8 0.165179 0.504464 0.205357 0.232143
8 0.089286 0.774554 0.169643 0.209821
8 0.453125 0.035714 0.200893 0.062500
