6 0.502232 0.508929 0.397321 0.348214
6 0.475446 0.837054 0.084821 0.102679
8 0.261161 0.448661 0.174107 0.263393
8 0.350446 0.752232 0.254464 0.227679
8 0.758929 0.658482 0.250000 0.263393
8 0.863839 0.895089 0.209821 0.209821
8 0.662946 0.946429 0.209821 0.107143
8 0.433036 0.937500 0.223214 0.125000
8 0.203125 0.941964 0.209821 0.116071
8 0.044643 0.966518 0.080357 0.066964
8 0.828125 0.412946 0.254464 0.200893
8 0.752232 0.209821 0.218750 0.214286
8 0.459821 0.247768 0.303571 0.191964
8 0.497768 0.062500 0.272321 0.116071
8 0.977679 0.314732 0.044643 0.174107
8 0.977679 0.046875 0.044643 0.084821
