6 0.495536 0.500000 0.250000 0.267857
8 0.131696 0.089286 0.227679 0.169643
8 0.325893 0.098214 0.169643 0.187500
8 0.171875 0.290179 0.245536 0.205357
8 0.037946 0.399554 0.066964 0.147321
8 0.167411 0.546875 0.209821 0.209821
8 0.276786 0.738839 0.223214 0.209821
8 0.071429 0.790179 0.133929 0.258929
8 0.104911 0.955357 0.200893 0.089286
8 0.357143 0.928571 0.223214 0.142857
8 0.495536 0.723214 0.214286 0.214286
8 0.649554 0.758929 0.227679 0.214286
8 0.796875 0.611607 0.191964 0.178571
8 0.745536 0.520089 0.196429 0.156250
8 0.872768 0.799107 0.209821 0.223214
8 0.904018 0.392857 0.191964 0.241071
8 0.906250 0.176339 0.187500 0.183036
8 0.698661 0.167411 0.218750 0.218750
