6 0.517857 0.504464 0.330357 0.294643
8 0.491071 0.118304 0.223214 0.227679
8 0.723214 0.160714 0.205357 0.187500
8 0.779018 0.392857 0.227679 0.205357
8 0.928571 0.497768 0.142857 0.254464
8 0.819196 0.723214 0.227679 0.276786
8 0.629464 0.725446 0.169643 0.209821
8 0.700893 0.895089 0.214286 0.165179
8 0.899554 0.919643 0.200893 0.160714
8 0.450893 0.861607 0.205357 0.187500
8 0.303571 0.662946 0.285714 0.236607
8 0.055804 0.667411 0.102679 0.209821
8 0.118304 0.305804 0.227679 0.183036
8 0.044643 0.122768 0.080357 0.156250
