6 0.477679 0.502232 0.312500 0.334821
8 0.417411 0.095982 0.218750 0.183036
8 0.573661 0.049107 0.227679 0.089286
8 0.627232 0.214286 0.245536 0.232143
8 0.850446 0.109375 0.236607 0.209821
8 0.919643 0.372768 0.160714 0.263393
8 0.888393 0.582589 0.205357 0.209821
8 0.691964 0.685268 0.223214 0.209821
8 0.468750 0.772321 0.214286 0.214286
8 0.723214 0.921875 0.250000 0.156250
8 0.493304 0.950893 0.227679 0.098214
8 0.283482 0.921875 0.218750 0.156250
8 0.149554 0.729911 0.263393 0.218750
8 0.064732 0.901786 0.120536 0.196429
8 0.274554 0.524554 0.191964 0.245536
8 0.091518 0.473214 0.174107 0.223214
8 0.332589 0.296875 0.209821 0.200893
8 0.111607 0.187500 0.214286 0.205357
