6 0.506696 0.497768 0.308036 0.308036
6 0.069196 0.810268 0.129464 0.200893
8 0.573661 0.241071 0.236607 0.232143
8 0.787946 0.450893 0.200893 0.187500
8 0.968750 0.573661 0.062500 0.191964
8 0.939732 0.819196 0.120536 0.218750
8 0.964286 0.968750 0.071429 0.062500
8 0.966518 0.236607 0.066964 0.178571
8 0.654018 0.912946 0.245536 0.174107
8 0.261161 0.468750 0.183036 0.232143
8 0.292411 0.236607 0.209821 0.187500
8 0.754464 0.093750 0.241071 0.178571
8 0.037946 0.395089 0.066964 0.200893
8 0.087054 0.915179 0.165179 0.169643
