6 0.515625 0.500000 0.281250 0.330357
8 0.486607 0.149554 0.205357 0.218750
8 0.783482 0.209821 0.191964 0.223214
8 0.935268 0.321429 0.129464 0.214286
8 0.948661 0.107143 0.102679 0.187500
8 0.308036 0.319196 0.223214 0.209821
8 0.093750 0.375000 0.178571 0.214286
8 0.241071 0.116071 0.223214 0.223214
8 0.332589 0.720982 0.227679 0.209821
8 0.790179 0.555804 0.223214 0.218750
8 0.886161 0.651786 0.227679 0.223214
8 0.933036 0.872768 0.133929 0.209821
8 0.691964 0.863839 0.214286 0.183036
8 0.415179 0.908482 0.214286 0.183036
8 0.147321 0.946429 0.214286 0.107143
8 0.095982 0.906250 0.183036 0.187500
8 0.102679 0.700893 0.196429 0.223214
