6 0.511161 0.495536 0.361607 0.303571
8 0.223214 0.352679 0.214286 0.205357
8 0.102679 0.515625 0.196429 0.209821
8 0.287946 0.587054 0.191964 0.227679
8 0.062500 0.720982 0.116071 0.218750
8 0.091518 0.915179 0.174107 0.169643
8 0.292411 0.901786 0.209821 0.196429
8 0.419643 0.834821 0.205357 0.223214
8 0.602679 0.727679 0.223214 0.214286
8 0.810268 0.723214 0.191964 0.232143
8 0.890625 0.912946 0.218750 0.174107
8 0.964286 0.736607 0.071429 0.205357
8 0.767857 0.446429 0.232143 0.250000
8 0.901786 0.433036 0.196429 0.178571
8 0.915179 0.216518 0.169643 0.200893
8 0.718750 0.093750 0.205357 0.178571
8 0.582589 0.234375 0.209821 0.191964
8 0.433036 0.087054 0.205357 0.165179
8 0.205357 0.102679 0.205357 0.196429
8 0.046875 0.087054 0.084821 0.165179
