6 0.495536 0.502232 0.357143 0.299107
8 0.131696 0.299107 0.245536 0.196429
8 0.095982 0.540179 0.183036 0.196429
8 0.522321 0.225446 0.232143 0.227679
8 0.743304 0.301339 0.218750 0.245536
8 0.718750 0.082589 0.250000 0.156250
8 0.930804 0.133929 0.138393 0.205357
8 0.665179 0.732143 0.267857 0.223214
8 0.857143 0.910714 0.267857 0.178571
8 0.426339 0.761161 0.183036 0.218750
8 0.229911 0.651786 0.209821 0.214286
8 0.328125 0.950893 0.272321 0.098214
8 0.049107 0.944196 0.089286 0.111607
8 0.341518 0.091518 0.218750 0.174107
8 0.116071 0.071429 0.223214 0.133929
