6 0.500000 0.520089 0.312500 0.281250
8 0.551339 0.100446 0.236607 0.191964
8 0.792411 0.111607 0.209821 0.214286
8 0.955357 0.174107 0.089286 0.196429
8 0.892857 0.408482 0.214286 0.236607
8 0.754464 0.479911 0.223214 0.227679
8 0.890625 0.691964 0.218750 0.258929
8 0.667411 0.705357 0.263393 0.250000
8 0.683036 0.921875 0.223214 0.156250
8 0.904018 0.935268 0.191964 0.129464
8 0.477679 0.939732 0.178571 0.120536
8 0.348214 0.801339 0.223214 0.236607
8 0.165179 0.709821 0.223214 0.258929
8 0.263393 0.522321 0.214286 0.285714
8 0.122768 0.303571 0.227679 0.232143
8 0.073661 0.533482 0.138393 0.218750
8 0.441964 0.283482 0.223214 0.209821
8 0.308036 0.069196 0.214286 0.129464
8 0.102679 0.095982 0.196429 0.183036
