6 0.493304 0.493304 0.388393 0.316964
6 0.214286 0.308036 0.151786 0.116071
8 0.247768 0.102679 0.245536 0.196429
8 0.745536 0.319196 0.214286 0.236607
8 0.745536 0.477679 0.223214 0.250000
8 0.698661 0.667411 0.272321 0.200893
8 0.939732 0.674107 0.120536 0.214286
8 0.904018 0.654018 0.183036 0.281250
8 0.709821 0.868304 0.312500 0.236607
8 0.928571 0.100446 0.142857 0.191964
8 0.098214 0.417411 0.187500 0.236607
8 0.111607 0.872768 0.214286 0.254464
8 0.209821 0.962054 0.178571 0.075893
8 0.946429 0.948661 0.107143 0.102679
