6 0.495536 0.517857 0.312500 0.294643
8 0.354911 0.214286 0.245536 0.205357
8 0.756696 0.395089 0.183036 0.191964
8 0.906250 0.540179 0.187500 0.214286
8 0.930804 0.323661 0.138393 0.245536
8 0.620536 0.060268 0.214286 0.111607
8 0.883929 0.033482 0.232143 0.058036
8 0.160714 0.084821 0.241071 0.160714
8 0.107143 0.529018 0.205357 0.236607
8 0.216518 0.723214 0.209821 0.223214
8 0.274554 0.604911 0.200893 0.209821
8 0.591518 0.863839 0.209821 0.236607
8 0.727679 0.687500 0.214286 0.187500
8 0.803571 0.886161 0.196429 0.218750
8 0.301339 0.917411 0.263393 0.165179
