6 0.513393 0.560268 0.294643 0.361607
6 0.348214 0.613839 0.089286 0.102679
8 0.658482 0.167411 0.191964 0.191964
8 0.745536 0.368304 0.223214 0.218750
8 0.747768 0.488839 0.227679 0.263393
8 0.886161 0.649554 0.218750 0.209821
8 0.870536 0.162946 0.214286 0.245536
8 0.959821 0.310268 0.080357 0.183036
8 0.899554 0.886161 0.200893 0.227679
8 0.658482 0.897321 0.236607 0.205357
8 0.616071 0.792411 0.223214 0.200893
8 0.377232 0.843750 0.227679 0.196429
8 0.149554 0.890625 0.236607 0.191964
8 0.223214 0.504464 0.241071 0.223214
8 0.310268 0.227679 0.245536 0.205357
8 0.238839 0.062500 0.245536 0.116071
8 0.071429 0.178571 0.133929 0.276786
