6 0.500000 0.493304 0.267857 0.316964
8 0.341518 0.107143 0.209821 0.205357
8 0.111607 0.125000 0.214286 0.214286
8 0.189732 0.339286 0.209821 0.232143
8 0.051339 0.475446 0.093750 0.236607
8 0.261161 0.578125 0.200893 0.236607
8 0.125000 0.734375 0.241071 0.200893
8 0.348214 0.819196 0.214286 0.209821
8 0.727679 0.772321 0.214286 0.205357
8 0.924107 0.805804 0.151786 0.227679
8 0.816964 0.589286 0.232143 0.214286
8 0.948661 0.482143 0.102679 0.232143
8 0.743304 0.357143 0.245536 0.187500
8 0.921875 0.234375 0.156250 0.200893
8 0.872768 0.069196 0.200893 0.129464
