6 0.508929 0.500000 0.321429 0.357143
8 0.424107 0.091518 0.205357 0.174107
8 0.555804 0.232143 0.191964 0.196429
8 0.285714 0.281250 0.241071 0.187500
8 0.075893 0.412946 0.142857 0.245536
8 0.247768 0.495536 0.200893 0.241071
8 0.198661 0.084821 0.245536 0.160714
8 0.694196 0.078125 0.227679 0.147321
8 0.901786 0.241071 0.196429 0.214286
8 0.939732 0.064732 0.120536 0.120536
8 0.852679 0.457589 0.205357 0.191964
8 0.685268 0.700893 0.236607 0.214286
8 0.935268 0.720982 0.129464 0.227679
8 0.919643 0.921875 0.160714 0.156250
8 0.725446 0.912946 0.200893 0.174107
8 0.500000 0.950893 0.205357 0.098214
8 0.216518 0.816964 0.209821 0.196429
8 0.281250 0.955357 0.205357 0.089286
8 0.044643 0.868304 0.080357 0.200893
