6 0.491071 0.511161 0.410714 0.397321
6 0.328125 0.069196 0.093750 0.093750
6 0.915179 0.687500 0.125000 0.178571
8 0.381696 0.250000 0.236607 0.214286
8 0.162946 0.151786 0.245536 0.214286
8 0.107143 0.395089 0.205357 0.209821
8 0.113839 0.629464 0.218750 0.241071
8 0.229911 0.656250 0.245536 0.232143
8 0.118304 0.875000 0.227679 0.205357
8 0.470982 0.761161 0.218750 0.218750
8 0.537946 0.917411 0.272321 0.165179
8 0.841518 0.537946 0.191964 0.191964
8 0.794643 0.404018 0.232143 0.200893
8 0.944196 0.343750 0.111607 0.223214
8 0.823661 0.176339 0.200893 0.227679
8 0.955357 0.111607 0.089286 0.214286
8 0.774554 0.075893 0.227679 0.142857
8 0.511161 0.087054 0.254464 0.165179
