6 0.473214 0.500000 0.321429 0.267857
6 0.671875 0.508929 0.058036 0.080357
8 0.511161 0.165179 0.218750 0.205357
8 0.196429 0.133929 0.232143 0.196429
8 0.229911 0.357143 0.227679 0.205357
8 0.162946 0.569196 0.209821 0.227679
8 0.689732 0.283482 0.191964 0.236607
8 0.881696 0.368304 0.191964 0.254464
8 0.886161 0.087054 0.209821 0.165179
8 0.785714 0.587054 0.250000 0.218750
8 0.747768 0.785714 0.227679 0.214286
8 0.522321 0.761161 0.223214 0.218750
8 0.479911 0.939732 0.183036 0.120536
8 0.946429 0.915179 0.107143 0.169643
