6 0.495536 0.500000 0.375000 0.339286
8 0.366071 0.178571 0.205357 0.205357
8 0.254464 0.035714 0.223214 0.062500
8 0.129464 0.165179 0.223214 0.223214
8 0.042411 0.042411 0.075893 0.075893
8 0.522321 0.080357 0.223214 0.151786
8 0.845982 0.066964 0.263393 0.125000
8 0.709821 0.281250 0.241071 0.258929
8 0.883929 0.285714 0.232143 0.250000
8 0.848214 0.535714 0.223214 0.214286
8 0.962054 0.678571 0.075893 0.232143
8 0.676339 0.700893 0.236607 0.223214
8 0.607143 0.901786 0.232143 0.196429
8 0.850446 0.917411 0.218750 0.165179
8 0.312500 0.810268 0.223214 0.200893
8 0.189732 0.720982 0.254464 0.245536
8 0.107143 0.397321 0.205357 0.223214
8 0.234375 0.957589 0.227679 0.084821
8 0.042411 0.899554 0.075893 0.200893
