6 0.484375 0.500000 0.325893 0.276786
8 0.323661 0.263393 0.245536 0.241071
8 0.533482 0.154018 0.200893 0.191964
8 0.683036 0.314732 0.223214 0.218750
8 0.843750 0.174107 0.241071 0.214286
8 0.821429 0.569196 0.250000 0.200893
8 0.955357 0.705357 0.089286 0.214286
8 0.736607 0.810268 0.232143 0.245536
8 0.241071 0.593750 0.214286 0.214286
8 0.151786 0.758929 0.258929 0.196429
8 0.287946 0.921875 0.263393 0.156250
8 0.109375 0.939732 0.209821 0.120536
8 0.093750 0.263393 0.178571 0.214286
8 0.292411 0.078125 0.236607 0.147321
