6 0.482143 0.513393 0.392857 0.250000
8 0.395089 0.167411 0.209821 0.245536
8 0.609375 0.116071 0.218750 0.223214
8 0.776786 0.053571 0.223214 0.098214
8 0.912946 0.180804 0.174107 0.218750
8 0.953125 0.430804 0.093750 0.227679
8 0.770089 0.399554 0.227679 0.227679
8 0.866071 0.609375 0.241071 0.209821
8 0.881696 0.832589 0.236607 0.218750
8 0.696429 0.745536 0.258929 0.241071
8 0.470982 0.743304 0.191964 0.272321
8 0.314732 0.691964 0.227679 0.223214
8 0.104911 0.745536 0.200893 0.250000
8 0.250000 0.906250 0.250000 0.187500
8 0.591518 0.933036 0.218750 0.133929
8 0.205357 0.417411 0.250000 0.245536
8 0.198661 0.091518 0.218750 0.174107
