6 0.504464 0.500000 0.419643 0.357143
8 0.470982 0.176339 0.191964 0.209821
8 0.310268 0.274554 0.263393 0.209821
8 0.136161 0.424107 0.227679 0.223214
8 0.073661 0.245536 0.138393 0.232143
8 0.064732 0.654018 0.120536 0.227679
8 0.252232 0.598214 0.263393 0.250000
8 0.375000 0.834821 0.258929 0.241071
8 0.598214 0.892857 0.196429 0.214286
8 0.763393 0.658482 0.232143 0.254464
8 0.935268 0.546875 0.129464 0.218750
8 0.857143 0.325893 0.232143 0.223214
8 0.700893 0.357143 0.232143 0.276786
8 0.915179 0.089286 0.169643 0.169643
8 0.669643 0.053571 0.250000 0.098214
