6 0.511161 0.513393 0.308036 0.303571
8 0.875000 0.250000 0.205357 0.241071
8 0.955357 0.687500 0.089286 0.223214
8 0.794643 0.707589 0.223214 0.200893
8 0.830357 0.908482 0.205357 0.183036
8 0.647321 0.964286 0.169643 0.071429
8 0.439732 0.959821 0.183036 0.080357
8 0.287946 0.816964 0.227679 0.223214
8 0.560268 0.725446 0.245536 0.200893
8 0.191964 0.526786 0.205357 0.205357
8 0.285714 0.410714 0.223214 0.205357
8 0.433036 0.232143 0.205357 0.205357
8 0.754464 0.080357 0.187500 0.151786
8 0.147321 0.227679 0.214286 0.205357
8 0.287946 0.058036 0.227679 0.107143
8 0.037946 0.071429 0.066964 0.133929
