6 0.524554 0.495536 0.361607 0.383929
6 0.486607 0.133929 0.142857 0.187500
8 0.816964 0.209821 0.223214 0.232143
8 0.964286 0.131696 0.071429 0.236607
8 0.819196 0.455357 0.209821 0.223214
8 0.886161 0.752232 0.227679 0.236607
8 0.575893 0.895089 0.223214 0.209821
8 0.363839 0.734375 0.272321 0.209821
8 0.243304 0.560268 0.200893 0.218750
8 0.174107 0.408482 0.223214 0.209821
8 0.073661 0.727679 0.138393 0.232143
8 0.395089 0.312500 0.200893 0.196429
8 0.196429 0.187500 0.223214 0.214286
8 0.082589 0.055804 0.156250 0.102679
8 0.294643 0.055804 0.241071 0.102679
8 0.691964 0.071429 0.223214 0.133929
