6 0.526786 0.511161 0.357143 0.397321
6 0.102679 0.825893 0.196429 0.348214
8 0.662946 0.276786 0.254464 0.196429
8 0.901786 0.296875 0.196429 0.254464
8 0.743304 0.575893 0.227679 0.232143
8 0.450893 0.774554 0.241071 0.227679
8 0.698661 0.799107 0.227679 0.223214
8 0.910714 0.723214 0.178571 0.223214
8 0.861607 0.912946 0.241071 0.174107
8 0.609375 0.950893 0.236607 0.098214
8 0.212054 0.591518 0.218750 0.209821
8 0.133929 0.493304 0.232143 0.200893
8 0.049107 0.636161 0.089286 0.218750
8 0.261161 0.305804 0.218750 0.209821
8 0.098214 0.187500 0.187500 0.205357
8 0.227679 0.064732 0.223214 0.120536
8 0.687500 0.042411 0.214286 0.075893
8 0.875000 0.075893 0.205357 0.142857
