6 0.502232 0.500000 0.299107 0.285714
8 0.752232 0.111607 0.218750 0.214286
8 0.941964 0.154018 0.116071 0.191964
8 0.738839 0.325893 0.209821 0.196429
8 0.921875 0.383929 0.156250 0.205357
8 0.837054 0.575893 0.218750 0.205357
8 0.671875 0.723214 0.227679 0.232143
8 0.484375 0.774554 0.236607 0.218750
8 0.332589 0.906250 0.174107 0.187500
8 0.140625 0.912946 0.218750 0.174107
8 0.095982 0.714286 0.183036 0.241071
8 0.258929 0.593750 0.223214 0.241071
8 0.180804 0.377232 0.218750 0.209821
8 0.055804 0.234375 0.102679 0.236607
8 0.345982 0.265625 0.218750 0.254464
8 0.341518 0.078125 0.209821 0.147321
8 0.573661 0.089286 0.218750 0.169643
8 0.109375 0.042411 0.209821 0.075893
8 0.899554 0.877232 0.200893 0.245536
8 0.687500 0.921875 0.214286 0.156250
8 0.484375 0.955357 0.174107 0.089286
