6 0.473214 0.491071 0.321429 0.294643
6 0.685268 0.816964 0.397321 0.366071
8 0.859375 0.517857 0.183036 0.241071
8 0.948661 0.752232 0.102679 0.200893
8 0.928571 0.935268 0.142857 0.129464
8 0.399554 0.823661 0.183036 0.245536
8 0.187500 0.828125 0.205357 0.200893
8 0.051339 0.707589 0.093750 0.227679
8 0.169643 0.564732 0.196429 0.209821
8 0.279018 0.627232 0.191964 0.245536
8 0.089286 0.946429 0.169643 0.107143
8 0.276786 0.363839 0.214286 0.236607
8 0.084821 0.301339 0.160714 0.209821
8 0.109375 0.078125 0.209821 0.147321
8 0.383929 0.176339 0.232143 0.227679
8 0.415179 0.087054 0.223214 0.165179
8 0.640625 0.113839 0.227679 0.218750
8 0.870536 0.111607 0.232143 0.214286
8 0.939732 0.325893 0.120536 0.223214
8 0.741071 0.308036 0.232143 0.214286
