6 0.506696 0.504464 0.334821 0.348214
8 0.198661 0.328125 0.218750 0.254464
8 0.397321 0.194196 0.214286 0.245536
8 0.031250 0.352679 0.053571 0.214286
8 0.100446 0.553571 0.191964 0.214286
8 0.058036 0.633929 0.107143 0.232143
8 0.274554 0.680804 0.218750 0.281250
8 0.234375 0.944196 0.272321 0.111607
8 0.508929 0.812500 0.223214 0.241071
8 0.897321 0.890625 0.205357 0.218750
8 0.861607 0.629464 0.250000 0.241071
8 0.843750 0.379464 0.250000 0.232143
8 0.950893 0.176339 0.098214 0.183036
8 0.863839 0.062500 0.236607 0.116071
