6 0.470982 0.482143 0.334821 0.303571
6 0.232143 0.866071 0.089286 0.142857
6 0.116071 0.078125 0.089286 0.129464
6 0.839286 0.031250 0.142857 0.053571
6 0.055804 0.850446 0.102679 0.299107
8 0.919643 0.290179 0.160714 0.205357
8 0.888393 0.198661 0.223214 0.227679
8 0.779018 0.497768 0.218750 0.227679
8 0.656250 0.689732 0.258929 0.218750
8 0.743304 0.890625 0.272321 0.218750
8 0.839286 0.834821 0.223214 0.205357
8 0.919643 0.810268 0.160714 0.263393
8 0.229911 0.421875 0.290179 0.227679
8 0.120536 0.616071 0.232143 0.276786
8 0.107143 0.241071 0.205357 0.187500
8 0.299107 0.080357 0.241071 0.151786
8 0.212054 0.941964 0.236607 0.116071
