6 0.506696 0.502232 0.334821 0.325893
8 0.325893 0.285714 0.250000 0.214286
8 0.636161 0.281250 0.218750 0.205357
8 0.745536 0.285714 0.187500 0.196429
8 0.921875 0.453125 0.156250 0.200893
8 0.939732 0.285714 0.120536 0.187500
8 0.888393 0.095982 0.214286 0.183036
8 0.669643 0.091518 0.214286 0.174107
8 0.250000 0.087054 0.232143 0.165179
8 0.089286 0.125000 0.169643 0.214286
8 0.102679 0.441964 0.196429 0.169643
8 0.087054 0.732143 0.165179 0.205357
8 0.243304 0.854911 0.183036 0.191964
8 0.357143 0.973214 0.223214 0.053571
8 0.290179 0.654018 0.232143 0.191964
8 0.493304 0.758929 0.200893 0.196429
8 0.631696 0.910714 0.263393 0.178571
8 0.747768 0.939732 0.236607 0.120536
8 0.928571 0.910714 0.142857 0.178571
8 0.901786 0.718750 0.196429 0.214286
8 0.712054 0.631696 0.200893 0.209821
8 0.796875 0.573661 0.183036 0.191964
