6 0.491071 0.511161 0.321429 0.290179
6 0.399554 0.886161 0.066964 0.102679
6 0.133929 0.508929 0.107143 0.160714
6 0.334821 0.944196 0.098214 0.075893
8 0.636161 0.250000 0.209821 0.214286
8 0.792411 0.453125 0.174107 0.245536
8 0.912946 0.281250 0.174107 0.214286
8 0.904018 0.870536 0.191964 0.187500
8 0.756696 0.857143 0.236607 0.214286
8 0.529018 0.926339 0.236607 0.147321
8 0.680804 0.683036 0.245536 0.214286
8 0.265625 0.569196 0.200893 0.245536
8 0.180804 0.674107 0.227679 0.196429
8 0.198661 0.890625 0.191964 0.200893
8 0.100446 0.895089 0.191964 0.209821
8 0.093750 0.316964 0.178571 0.214286
8 0.149554 0.129464 0.209821 0.187500
8 0.345982 0.256696 0.236607 0.218750
8 0.558036 0.064732 0.187500 0.120536
8 0.296875 0.049107 0.236607 0.089286
8 0.810268 0.084821 0.218750 0.160714
