6 0.486607 0.529018 0.312500 0.334821
6 0.881696 0.477679 0.129464 0.133929
8 0.167411 0.234375 0.263393 0.209821
8 0.337054 0.363839 0.191964 0.254464
8 0.589286 0.261161 0.241071 0.227679
8 0.823661 0.256696 0.200893 0.254464
8 0.955357 0.553571 0.089286 0.196429
8 0.803571 0.665179 0.232143 0.223214
8 0.970982 0.325893 0.058036 0.178571
8 0.750000 0.040179 0.223214 0.071429
8 0.243304 0.049107 0.209821 0.089286
8 0.066964 0.066964 0.125000 0.125000
8 0.102679 0.582589 0.196429 0.209821
8 0.058036 0.839286 0.107143 0.223214
8 0.310268 0.875000 0.245536 0.241071
8 0.312500 0.638393 0.205357 0.205357
8 0.607143 0.765625 0.214286 0.209821
8 0.901786 0.897321 0.196429 0.205357
8 0.738839 0.966518 0.183036 0.066964
