6 0.473214 0.497768 0.375000 0.281250
8 0.314732 0.328125 0.218750 0.218750
8 0.178571 0.537946 0.214286 0.200893
8 0.104911 0.776786 0.200893 0.241071
8 0.339286 0.716518 0.258929 0.245536
8 0.426339 0.921875 0.209821 0.156250
8 0.618304 0.823661 0.236607 0.254464
8 0.741071 0.598214 0.214286 0.214286
8 0.758929 0.383929 0.205357 0.223214
8 0.790179 0.080357 0.241071 0.151786
8 0.569196 0.033482 0.200893 0.058036
8 0.348214 0.037946 0.214286 0.066964
8 0.109375 0.044643 0.209821 0.080357
8 0.033482 0.562500 0.058036 0.214286
