6 0.504464 0.517857 0.285714 0.303571
6 0.319196 0.270089 0.093750 0.120536
6 0.095982 0.870536 0.138393 0.133929
8 0.294643 0.100446 0.178571 0.191964
8 0.100446 0.089286 0.191964 0.169643
8 0.515625 0.093750 0.200893 0.178571
8 0.761161 0.129464 0.227679 0.232143
8 0.944196 0.095982 0.111607 0.183036
8 0.720982 0.366071 0.218750 0.205357
8 0.912946 0.419643 0.174107 0.214286
8 0.944196 0.647321 0.111607 0.214286
8 0.950893 0.866071 0.098214 0.205357
8 0.792411 0.787946 0.200893 0.209821
8 0.848214 0.953125 0.214286 0.093750
8 0.604911 0.888393 0.200893 0.205357
8 0.571429 0.763393 0.232143 0.205357
8 0.234375 0.919643 0.227679 0.160714
8 0.214286 0.640625 0.241071 0.227679
8 0.254464 0.555804 0.205357 0.218750
8 0.078125 0.401786 0.147321 0.232143
8 0.158482 0.308036 0.227679 0.214286
8 0.395089 0.330357 0.227679 0.232143
