6 0.502232 0.495536 0.325893 0.321429
8 0.430804 0.120536 0.191964 0.187500
8 0.174107 0.095982 0.196429 0.183036
8 0.292411 0.328125 0.200893 0.209821
8 0.087054 0.363839 0.165179 0.218750
8 0.332589 0.908482 0.218750 0.183036
8 0.544643 0.750000 0.214286 0.205357
8 0.718750 0.888393 0.214286 0.205357
8 0.881696 0.738839 0.218750 0.191964
8 0.837054 0.549107 0.191964 0.196429
8 0.959821 0.379464 0.080357 0.214286
8 0.816964 0.285714 0.205357 0.196429
8 0.689732 0.256696 0.254464 0.200893
8 0.622768 0.075893 0.236607 0.142857
8 0.843750 0.073661 0.196429 0.138393
