6 0.466518 0.506696 0.433036 0.316964
8 0.462054 0.209821 0.245536 0.196429
8 0.372768 0.149554 0.209821 0.227679
8 0.754464 0.325893 0.232143 0.258929
8 0.852679 0.381696 0.232143 0.191964
8 0.582589 0.066964 0.245536 0.125000
8 0.060268 0.069196 0.111607 0.129464
8 0.098214 0.345982 0.187500 0.254464
8 0.129464 0.569196 0.232143 0.254464
8 0.125000 0.937500 0.241071 0.125000
8 0.537946 0.779018 0.200893 0.200893
8 0.680804 0.767857 0.191964 0.232143
8 0.904018 0.825893 0.191964 0.250000
8 0.774554 0.926339 0.227679 0.147321
