3 0.500000 0.502232 0.357143 0.406250
8 0.198661 0.419643 0.218750 0.169643
8 0.078125 0.316964 0.147321 0.205357
8 0.064732 0.087054 0.120536 0.165179
8 0.223214 0.075893 0.205357 0.142857
8 0.638393 0.261161 0.294643 0.200893
8 0.892857 0.301339 0.214286 0.200893
8 0.875000 0.517857 0.196429 0.214286
8 0.872768 0.611607 0.174107 0.196429
8 0.879464 0.814732 0.187500 0.263393
8 0.779018 0.861607 0.165179 0.160714
8 0.683036 0.723214 0.187500 0.187500
8 0.600446 0.747768 0.200893 0.209821
8 0.412946 0.792411 0.191964 0.227679
8 0.189732 0.787946 0.227679 0.183036
8 0.087054 0.924107 0.165179 0.151786
8 0.187500 0.959821 0.142857 0.080357
8 0.089286 0.607143 0.169643 0.232143
