3 0.504464 0.497768 0.419643 0.415179
8 0.274554 0.276786 0.200893 0.187500
8 0.229911 0.091518 0.209821 0.174107
8 0.058036 0.064732 0.107143 0.120536
8 0.046875 0.511161 0.084821 0.183036
8 0.071429 0.745536 0.133929 0.223214
8 0.142857 0.662946 0.214286 0.218750
8 0.252232 0.700893 0.165179 0.196429
8 0.263393 0.966518 0.178571 0.066964
8 0.301339 0.924107 0.200893 0.151786
8 0.488839 0.886161 0.191964 0.200893
8 0.687500 0.776786 0.214286 0.232143
8 0.890625 0.694196 0.209821 0.245536
8 0.734375 0.944196 0.218750 0.111607
8 0.805804 0.395089 0.200893 0.200893
8 0.669643 0.212054 0.241071 0.191964
8 0.580357 0.064732 0.223214 0.120536
8 0.812500 0.073661 0.205357 0.138393
8 0.924107 0.183036 0.151786 0.214286
