3 0.522321 0.500000 0.348214 0.321429
3 0.462054 0.308036 0.102679 0.062500
8 0.343750 0.200893 0.232143 0.205357
8 0.479911 0.116071 0.227679 0.223214
8 0.908482 0.183036 0.183036 0.241071
8 0.915179 0.102679 0.169643 0.196429
8 0.921875 0.580357 0.156250 0.196429
8 0.837054 0.792411 0.236607 0.218750
8 0.772321 0.955357 0.232143 0.089286
8 0.573661 0.926339 0.183036 0.147321
8 0.502232 0.767857 0.200893 0.187500
8 0.388393 0.908482 0.196429 0.183036
8 0.176339 0.930804 0.236607 0.138393
8 0.091518 0.705357 0.174107 0.250000
8 0.223214 0.535714 0.205357 0.196429
8 0.064732 0.430804 0.120536 0.245536
