3 0.504464 0.493304 0.366071 0.415179
3 0.375000 0.910714 0.089286 0.125000
8 0.776786 0.573661 0.214286 0.209821
8 0.955357 0.656250 0.089286 0.214286
8 0.953125 0.901786 0.093750 0.196429
8 0.667411 0.941964 0.218750 0.116071
8 0.466518 0.950893 0.200893 0.098214
8 0.261161 0.919643 0.200893 0.160714
8 0.354911 0.758929 0.218750 0.223214
8 0.578125 0.741071 0.227679 0.223214
8 0.196429 0.676339 0.241071 0.200893
8 0.187500 0.473214 0.241071 0.196429
8 0.037946 0.551339 0.066964 0.183036
8 0.129464 0.285714 0.232143 0.223214
8 0.046875 0.145089 0.084821 0.209821
8 0.348214 0.243304 0.196429 0.209821
8 0.535714 0.225446 0.178571 0.200893
8 0.714286 0.267857 0.205357 0.196429
8 0.752232 0.381696 0.191964 0.183036
8 0.948661 0.263393 0.102679 0.187500
8 0.950893 0.058036 0.098214 0.107143
8 0.794643 0.064732 0.214286 0.120536
8 0.562500 0.060268 0.267857 0.111607
