3 0.511161 0.526786 0.325893 0.357143
8 0.111607 0.281250 0.214286 0.241071
8 0.095982 0.491071 0.183036 0.232143
8 0.024554 0.082589 0.040179 0.156250
8 0.299107 0.129464 0.232143 0.196429
8 0.363839 0.330357 0.218750 0.187500
8 0.569196 0.225446 0.209821 0.236607
8 0.575893 0.053571 0.258929 0.098214
8 0.767857 0.165179 0.214286 0.125000
8 0.959821 0.214286 0.080357 0.205357
8 0.908482 0.484375 0.183036 0.183036
8 0.968750 0.656250 0.062500 0.214286
8 0.848214 0.662946 0.205357 0.227679
8 0.678571 0.694196 0.196429 0.218750
8 0.506696 0.787946 0.165179 0.191964
8 0.678571 0.904018 0.160714 0.191964
8 0.875000 0.917411 0.205357 0.165179
8 0.497768 0.944196 0.209821 0.111607
8 0.125000 0.935268 0.241071 0.129464
