3 0.504464 0.500000 0.473214 0.401786
3 0.091518 0.040179 0.165179 0.071429
8 0.263393 0.366071 0.196429 0.258929
8 0.107143 0.462054 0.169643 0.316964
8 0.042411 0.276786 0.075893 0.312500
8 0.064732 0.761161 0.120536 0.290179
8 0.287946 0.761161 0.245536 0.254464
8 0.709821 0.879464 0.276786 0.178571
8 0.957589 0.430804 0.084821 0.183036
8 0.732143 0.292411 0.232143 0.272321
8 0.493304 0.171875 0.245536 0.236607
8 0.872768 0.116071 0.254464 0.169643
8 0.946429 0.216518 0.107143 0.174107
8 0.863839 0.957589 0.200893 0.084821
