3 0.500000 0.529018 0.517857 0.433036
3 0.973214 0.205357 0.053571 0.071429
8 0.533482 0.107143 0.209821 0.205357
8 0.397321 0.214286 0.232143 0.205357
8 0.337054 0.381696 0.191964 0.156250
8 0.203125 0.089286 0.218750 0.169643
8 0.084821 0.035714 0.160714 0.062500
8 0.779018 0.395089 0.183036 0.290179
8 0.877232 0.310268 0.191964 0.227679
8 0.750000 0.696429 0.223214 0.258929
8 0.214286 0.845982 0.205357 0.200893
8 0.301339 0.861607 0.174107 0.276786
8 0.473214 0.955357 0.205357 0.089286
8 0.066964 0.776786 0.125000 0.267857
