3 0.504464 0.493304 0.428571 0.441964
3 0.745536 0.131696 0.125000 0.147321
8 0.428571 0.205357 0.232143 0.223214
8 0.290179 0.328125 0.196429 0.209821
8 0.218750 0.292411 0.205357 0.218750
8 0.091518 0.604911 0.174107 0.209821
8 0.089286 0.796875 0.169643 0.200893
8 0.075893 0.886161 0.142857 0.218750
8 0.258929 0.812500 0.223214 0.214286
8 0.296875 0.908482 0.236607 0.183036
8 0.879464 0.776786 0.214286 0.214286
8 0.892857 0.850446 0.214286 0.236607
8 0.830357 0.569196 0.223214 0.209821
8 0.944196 0.589286 0.111607 0.196429
8 0.957589 0.386161 0.084821 0.191964
8 0.895089 0.151786 0.209821 0.241071
8 0.707589 0.051339 0.236607 0.093750
8 0.321429 0.051339 0.258929 0.093750
