3 0.502232 0.540179 0.459821 0.419643
8 0.433036 0.220982 0.178571 0.174107
8 0.814732 0.185268 0.236607 0.209821
8 0.839286 0.450893 0.214286 0.205357
8 0.966518 0.450893 0.066964 0.178571
8 0.935268 0.642857 0.129464 0.205357
8 0.785714 0.656250 0.187500 0.223214
8 0.763393 0.850446 0.187500 0.191964
8 0.379464 0.962054 0.196429 0.075893
8 0.225446 0.854911 0.200893 0.218750
8 0.183036 0.680804 0.214286 0.174107
8 0.064732 0.796875 0.120536 0.218750
8 0.064732 0.522321 0.120536 0.196429
8 0.069196 0.196429 0.129464 0.187500
8 0.267857 0.131696 0.196429 0.209821
8 0.464286 0.064732 0.223214 0.120536
