3 0.513393 0.546875 0.428571 0.397321
3 0.415179 0.196429 0.116071 0.089286
8 0.294643 0.142857 0.205357 0.241071
8 0.162946 0.399554 0.218750 0.218750
8 0.104911 0.464286 0.200893 0.178571
8 0.178571 0.658482 0.223214 0.209821
8 0.127232 0.754464 0.236607 0.223214
8 0.421875 0.758929 0.227679 0.232143
8 0.392857 0.946429 0.214286 0.107143
8 0.779018 0.881696 0.174107 0.183036
8 0.816964 0.917411 0.178571 0.165179
8 0.854911 0.665179 0.200893 0.178571
8 0.977679 0.575893 0.044643 0.196429
8 0.828125 0.441964 0.272321 0.241071
8 0.899554 0.234375 0.200893 0.200893
8 0.910714 0.062500 0.178571 0.116071
8 0.712054 0.107143 0.236607 0.205357
8 0.071429 0.100446 0.133929 0.191964
