3 0.504464 0.500000 0.401786 0.410714
3 0.899554 0.303571 0.200893 0.366071
8 0.551339 0.185268 0.272321 0.236607
8 0.738839 0.397321 0.156250 0.178571
8 0.787946 0.495536 0.183036 0.214286
8 0.763393 0.656250 0.178571 0.232143
8 0.825893 0.879464 0.214286 0.232143
8 0.964286 0.870536 0.071429 0.205357
8 0.558036 0.946429 0.241071 0.107143
8 0.401786 0.801339 0.232143 0.209821
8 0.243304 0.926339 0.245536 0.147321
8 0.113839 0.783482 0.209821 0.209821
8 0.165179 0.526786 0.250000 0.232143
8 0.095982 0.296875 0.183036 0.218750
8 0.149554 0.093750 0.236607 0.178571
8 0.379464 0.024554 0.232143 0.040179
