3 0.511161 0.504464 0.477679 0.437500
8 0.236607 0.087054 0.196429 0.165179
8 0.415179 0.037946 0.160714 0.066964
8 0.551339 0.162946 0.218750 0.263393
8 0.957589 0.229911 0.084821 0.183036
8 0.859375 0.529018 0.191964 0.227679
8 0.937500 0.718750 0.125000 0.196429
8 0.776786 0.712054 0.205357 0.183036
8 0.937500 0.957589 0.125000 0.084821
8 0.511161 0.935268 0.245536 0.129464
8 0.263393 0.906250 0.205357 0.187500
8 0.080357 0.906250 0.151786 0.187500
8 0.279018 0.691964 0.191964 0.214286
8 0.095982 0.625000 0.183036 0.196429
8 0.095982 0.361607 0.183036 0.214286
