3 0.486607 0.517857 0.437500 0.473214
8 0.866071 0.107143 0.187500 0.205357
8 0.897321 0.276786 0.205357 0.196429
8 0.805804 0.439732 0.183036 0.191964
8 0.877232 0.642857 0.245536 0.241071
8 0.924107 0.912946 0.151786 0.174107
8 0.685268 0.756696 0.191964 0.227679
8 0.729911 0.955357 0.209821 0.089286
8 0.466518 0.814732 0.254464 0.236607
8 0.243304 0.854911 0.218750 0.209821
8 0.254464 0.651786 0.178571 0.196429
8 0.151786 0.441964 0.169643 0.241071
8 0.227679 0.401786 0.178571 0.214286
8 0.051339 0.602679 0.093750 0.178571
8 0.026786 0.316964 0.044643 0.187500
8 0.082589 0.176339 0.156250 0.183036
8 0.279018 0.151786 0.191964 0.223214
8 0.464286 0.084821 0.214286 0.160714
8 0.560268 0.154018 0.236607 0.200893
