3 0.508929 0.513393 0.446429 0.419643
8 0.149554 0.305804 0.174107 0.165179
8 0.207589 0.457589 0.200893 0.191964
8 0.243304 0.640625 0.218750 0.200893
8 0.046875 0.629464 0.084821 0.232143
8 0.234375 0.841518 0.200893 0.209821
8 0.410714 0.935268 0.178571 0.129464
8 0.511161 0.763393 0.174107 0.223214
8 0.602679 0.756696 0.205357 0.191964
8 0.792411 0.689732 0.218750 0.200893
8 0.966518 0.694196 0.066964 0.191964
8 0.928571 0.433036 0.142857 0.285714
8 0.910714 0.169643 0.178571 0.205357
8 0.892857 0.064732 0.214286 0.120536
8 0.107143 0.946429 0.205357 0.107143
8 0.035714 0.256696 0.062500 0.200893
