3 0.511161 0.506696 0.343750 0.370536
3 0.486607 0.790179 0.062500 0.080357
3 0.504464 0.928571 0.178571 0.125000
8 0.258929 0.149554 0.214286 0.191964
8 0.073661 0.158482 0.138393 0.236607
8 0.234375 0.375000 0.209821 0.232143
8 0.089286 0.468750 0.169643 0.196429
8 0.062500 0.761161 0.116071 0.209821
8 0.265625 0.877232 0.218750 0.209821
8 0.622768 0.754464 0.200893 0.241071
8 0.772321 0.863839 0.205357 0.200893
8 0.776786 0.584821 0.214286 0.232143
8 0.741071 0.328125 0.241071 0.334821
8 0.924107 0.479911 0.151786 0.263393
8 0.964286 0.062500 0.071429 0.116071
8 0.785714 0.975446 0.178571 0.049107
8 0.055804 0.966518 0.102679 0.066964
