3 0.515625 0.513393 0.388393 0.366071
3 0.973214 0.526786 0.053571 0.062500
8 0.265625 0.294643 0.183036 0.232143
8 0.154018 0.225446 0.183036 0.209821
8 0.118304 0.133929 0.227679 0.258929
8 0.546875 0.084821 0.209821 0.160714
8 0.714286 0.229911 0.223214 0.191964
8 0.765625 0.053571 0.200893 0.098214
8 0.937500 0.071429 0.125000 0.133929
8 0.714286 0.683036 0.250000 0.232143
8 0.935268 0.714286 0.129464 0.223214
8 0.935268 0.950893 0.129464 0.098214
8 0.620536 0.944196 0.196429 0.111607
8 0.294643 0.691964 0.205357 0.232143
8 0.107143 0.602679 0.205357 0.205357
8 0.069196 0.381696 0.129464 0.227679
8 0.073661 0.928571 0.138393 0.142857
