3 0.495536 0.508929 0.428571 0.410714
3 0.500000 0.049107 0.098214 0.089286
8 0.720982 0.160714 0.236607 0.232143
8 0.917411 0.084821 0.165179 0.160714
8 0.910714 0.379464 0.178571 0.250000
8 0.939732 0.604911 0.120536 0.183036
8 0.763393 0.674107 0.214286 0.267857
8 0.888393 0.883929 0.223214 0.232143
8 0.667411 0.928571 0.183036 0.142857
8 0.417411 0.892857 0.236607 0.214286
8 0.363839 0.738839 0.200893 0.191964
8 0.154018 0.787946 0.227679 0.281250
8 0.093750 0.484375 0.178571 0.245536
8 0.243304 0.330357 0.191964 0.187500
8 0.305804 0.107143 0.218750 0.205357
8 0.491071 0.194196 0.241071 0.227679
8 0.104911 0.093750 0.200893 0.178571
