3 0.500000 0.502232 0.375000 0.379464
3 0.397321 0.071429 0.339286 0.133929
8 0.845982 0.285714 0.218750 0.178571
8 0.924107 0.127232 0.151786 0.200893
8 0.946429 0.325893 0.107143 0.223214
8 0.781250 0.546875 0.205357 0.209821
8 0.808036 0.712054 0.214286 0.191964
8 0.616071 0.810268 0.205357 0.227679
8 0.774554 0.908482 0.227679 0.183036
8 0.555804 0.944196 0.191964 0.111607
8 0.341518 0.924107 0.218750 0.151786
8 0.205357 0.779018 0.187500 0.191964
8 0.127232 0.948661 0.209821 0.102679
8 0.089286 0.660714 0.169643 0.214286
