3 0.517857 0.491071 0.473214 0.464286
8 0.285714 0.225446 0.205357 0.165179
8 0.638393 0.171875 0.250000 0.218750
8 0.816964 0.435268 0.196429 0.209821
8 0.879464 0.395089 0.151786 0.209821
8 0.946429 0.680804 0.107143 0.183036
8 0.723214 0.703125 0.276786 0.281250
8 0.694196 0.912946 0.200893 0.174107
8 0.872768 0.906250 0.245536 0.187500
8 0.464286 0.879464 0.187500 0.196429
8 0.397321 0.825893 0.223214 0.196429
8 0.169643 0.926339 0.241071 0.147321
8 0.185268 0.671875 0.209821 0.183036
8 0.176339 0.484375 0.209821 0.218750
8 0.080357 0.328125 0.151786 0.218750
8 0.035714 0.515625 0.062500 0.183036
8 0.270089 0.069196 0.218750 0.129464
