3 0.513393 0.513393 0.473214 0.473214
8 0.234375 0.220982 0.183036 0.191964
8 0.102679 0.357143 0.196429 0.232143
8 0.207589 0.647321 0.227679 0.232143
8 0.167411 0.825893 0.183036 0.169643
8 0.055804 0.765625 0.102679 0.209821
8 0.343750 0.886161 0.223214 0.183036
8 0.526786 0.803571 0.214286 0.205357
8 0.665179 0.915179 0.232143 0.169643
8 0.919643 0.959821 0.160714 0.080357
8 0.910714 0.716518 0.178571 0.200893
8 0.845982 0.569196 0.218750 0.227679
8 0.955357 0.428571 0.089286 0.223214
8 0.779018 0.368304 0.200893 0.218750
8 0.629464 0.187500 0.214286 0.241071
8 0.850446 0.158482 0.209821 0.209821
8 0.812500 0.080357 0.196429 0.151786
