3 0.491071 0.495536 0.446429 0.383929
3 0.098214 0.899554 0.098214 0.165179
8 0.287946 0.270089 0.183036 0.209821
8 0.196429 0.122768 0.196429 0.236607
8 0.051339 0.111607 0.093750 0.214286
8 0.303571 0.040179 0.214286 0.071429
8 0.584821 0.060268 0.232143 0.111607
8 0.886161 0.060268 0.227679 0.111607
8 0.955357 0.169643 0.089286 0.187500
8 0.558036 0.245536 0.214286 0.223214
8 0.051339 0.379464 0.093750 0.187500
8 0.087054 0.504464 0.165179 0.214286
8 0.272321 0.660714 0.196429 0.160714
8 0.337054 0.738839 0.183036 0.156250
8 0.459821 0.857143 0.232143 0.178571
8 0.466518 0.939732 0.227679 0.120536
8 0.857143 0.651786 0.169643 0.223214
8 0.745536 0.464286 0.205357 0.267857
8 0.879464 0.569196 0.178571 0.191964
8 0.957589 0.901786 0.084821 0.196429
