3 0.537946 0.477679 0.486607 0.508929
8 0.723214 0.216518 0.232143 0.191964
8 0.794643 0.357143 0.187500 0.241071
8 0.897321 0.415179 0.187500 0.196429
8 0.935268 0.517857 0.129464 0.214286
8 0.921875 0.783482 0.156250 0.218750
8 0.761161 0.694196 0.227679 0.218750
8 0.803571 0.899554 0.232143 0.200893
8 0.950893 0.167411 0.098214 0.200893
8 0.837054 0.071429 0.218750 0.133929
8 0.578125 0.089286 0.254464 0.169643
8 0.178571 0.160714 0.258929 0.241071
8 0.111607 0.227679 0.214286 0.205357
8 0.075893 0.321429 0.142857 0.214286
8 0.154018 0.484375 0.227679 0.218750
8 0.234375 0.779018 0.245536 0.218750
8 0.341518 0.770089 0.200893 0.227679
8 0.446429 0.848214 0.205357 0.205357
8 0.046875 0.941964 0.084821 0.116071
8 0.549107 0.975446 0.205357 0.049107
