3 0.502232 0.495536 0.406250 0.491071
3 0.770089 0.691964 0.084821 0.089286
8 0.729911 0.314732 0.191964 0.236607
8 0.930804 0.446429 0.138393 0.232143
8 0.890625 0.198661 0.218750 0.200893
8 0.890625 0.841518 0.209821 0.191964
8 0.667411 0.883929 0.209821 0.205357
8 0.517857 0.897321 0.160714 0.205357
8 0.390625 0.805804 0.200893 0.200893
8 0.310268 0.736607 0.165179 0.178571
8 0.104911 0.776786 0.200893 0.250000
8 0.055804 0.415179 0.102679 0.169643
8 0.323661 0.287946 0.218750 0.209821
8 0.191964 0.178571 0.258929 0.169643
8 0.189732 0.066964 0.272321 0.125000
8 0.466518 0.136161 0.245536 0.209821
8 0.671875 0.100446 0.191964 0.191964
