3 0.493304 0.508929 0.352679 0.357143
8 0.366071 0.296875 0.169643 0.200893
8 0.430804 0.218750 0.209821 0.214286
8 0.642857 0.254464 0.223214 0.250000
8 0.850446 0.357143 0.165179 0.205357
8 0.919643 0.379464 0.160714 0.258929
8 0.850446 0.658482 0.183036 0.236607
8 0.910714 0.908482 0.178571 0.183036
8 0.345982 0.732143 0.218750 0.232143
8 0.508929 0.953125 0.196429 0.093750
8 0.296875 0.937500 0.218750 0.125000
8 0.091518 0.933036 0.174107 0.133929
8 0.049107 0.462054 0.089286 0.209821
8 0.185268 0.361607 0.227679 0.223214
8 0.216518 0.131696 0.236607 0.236607
8 0.046875 0.200893 0.084821 0.214286
8 0.629464 0.046875 0.205357 0.084821
8 0.816964 0.078125 0.178571 0.147321
8 0.964286 0.095982 0.071429 0.183036
8 0.415179 0.029018 0.205357 0.049107
