3 0.491071 0.506696 0.455357 0.397321
8 0.245536 0.122768 0.250000 0.236607
8 0.287946 0.218750 0.245536 0.223214
8 0.564732 0.046875 0.236607 0.084821
8 0.787946 0.037946 0.227679 0.066964
8 0.901786 0.098214 0.196429 0.178571
8 0.825893 0.272321 0.241071 0.250000
8 0.883929 0.497768 0.205357 0.218750
8 0.928571 0.587054 0.142857 0.209821
8 0.933036 0.758929 0.133929 0.214286
8 0.665179 0.714286 0.339286 0.223214
8 0.787946 0.830357 0.209821 0.250000
8 0.872768 0.955357 0.254464 0.089286
8 0.540179 0.928571 0.232143 0.142857
8 0.366071 0.745536 0.214286 0.232143
8 0.214286 0.546875 0.241071 0.191964
8 0.093750 0.419643 0.178571 0.214286
8 0.046875 0.254464 0.084821 0.169643
8 0.089286 0.049107 0.169643 0.089286
8 0.156250 0.776786 0.232143 0.232143
8 0.087054 0.935268 0.165179 0.129464
8 0.314732 0.928571 0.218750 0.142857
8 0.022321 0.683036 0.035714 0.214286
