3 0.511161 0.504464 0.397321 0.419643
8 0.426339 0.785714 0.218750 0.214286
8 0.493304 0.787946 0.156250 0.174107
8 0.600446 0.935268 0.209821 0.129464
8 0.859375 0.944196 0.218750 0.111607
8 0.263393 0.881696 0.169643 0.174107
8 0.129464 0.794643 0.214286 0.196429
8 0.779018 0.520089 0.165179 0.191964
8 0.939732 0.466518 0.120536 0.174107
8 0.761161 0.147321 0.174107 0.205357
8 0.921875 0.107143 0.156250 0.178571
8 0.629464 0.058036 0.196429 0.107143
8 0.502232 0.187500 0.174107 0.160714
8 0.218750 0.189732 0.160714 0.165179
8 0.125000 0.227679 0.178571 0.169643
8 0.290179 0.073661 0.187500 0.138393
8 0.042411 0.073661 0.075893 0.138393
8 0.049107 0.345982 0.089286 0.200893
