3 0.502232 0.511161 0.415179 0.397321
3 0.046875 0.276786 0.066964 0.107143
8 0.167411 0.345982 0.227679 0.191964
8 0.223214 0.479911 0.205357 0.174107
8 0.176339 0.774554 0.165179 0.191964
8 0.546875 0.792411 0.209821 0.209821
8 0.676339 0.921875 0.209821 0.156250
8 0.781250 0.915179 0.214286 0.169643
8 0.629464 0.241071 0.178571 0.160714
8 0.564732 0.191964 0.227679 0.187500
8 0.511161 0.147321 0.227679 0.196429
8 0.796875 0.419643 0.183036 0.214286
8 0.872768 0.372768 0.227679 0.227679
8 0.877232 0.738839 0.200893 0.254464
