3 0.522321 0.495536 0.419643 0.437500
8 0.837054 0.171875 0.200893 0.191964
8 0.725446 0.053571 0.191964 0.098214
8 0.977679 0.129464 0.044643 0.169643
8 0.897321 0.738839 0.205357 0.209821
8 0.933036 0.928571 0.133929 0.142857
8 0.727679 0.660714 0.187500 0.214286
8 0.676339 0.966518 0.165179 0.066964
8 0.493304 0.941964 0.183036 0.116071
8 0.424107 0.758929 0.223214 0.205357
8 0.200893 0.767857 0.187500 0.196429
8 0.225446 0.560268 0.191964 0.218750
8 0.234375 0.370536 0.245536 0.187500
8 0.118304 0.258929 0.209821 0.232143
