3 0.515625 0.495536 0.370536 0.401786
3 0.738839 0.892857 0.093750 0.098214
3 0.959821 0.830357 0.080357 0.267857
8 0.238839 0.270089 0.191964 0.191964
8 0.160714 0.305804 0.223214 0.174107
8 0.069196 0.426339 0.129464 0.183036
8 0.037946 0.167411 0.066964 0.183036
8 0.142857 0.066964 0.205357 0.125000
8 0.421875 0.220982 0.191964 0.191964
8 0.549107 0.169643 0.232143 0.223214
8 0.761161 0.109375 0.183036 0.209821
8 0.946429 0.049107 0.107143 0.089286
8 0.758929 0.296875 0.178571 0.165179
8 0.761161 0.457589 0.200893 0.245536
8 0.968750 0.357143 0.062500 0.178571
8 0.915179 0.571429 0.169643 0.178571
8 0.881696 0.651786 0.218750 0.196429
8 0.602679 0.763393 0.232143 0.160714
8 0.370536 0.799107 0.223214 0.232143
8 0.531250 0.933036 0.205357 0.133929
8 0.178571 0.651786 0.196429 0.205357
8 0.071429 0.783482 0.133929 0.183036
8 0.066964 0.948661 0.125000 0.102679
