3 0.517857 0.506696 0.455357 0.397321
8 0.091518 0.495536 0.174107 0.205357
8 0.060268 0.694196 0.111607 0.191964
8 0.075893 0.906250 0.142857 0.187500
8 0.270089 0.843750 0.200893 0.241071
8 0.464286 0.946429 0.223214 0.107143
8 0.848214 0.868304 0.214286 0.183036
8 0.770089 0.348214 0.191964 0.250000
8 0.854911 0.332589 0.183036 0.227679
8 0.765625 0.691964 0.200893 0.178571
8 0.957589 0.209821 0.084821 0.232143
8 0.883929 0.080357 0.205357 0.151786
8 0.687500 0.098214 0.196429 0.187500
8 0.064732 0.290179 0.120536 0.223214
