3 0.493304 0.533482 0.424107 0.441964
3 0.825893 0.975446 0.125000 0.049107
3 0.973214 0.919643 0.053571 0.133929
8 0.200893 0.410714 0.205357 0.214286
8 0.040179 0.475446 0.071429 0.254464
8 0.162946 0.120536 0.236607 0.232143
8 0.399554 0.120536 0.183036 0.232143
8 0.598214 0.100446 0.187500 0.191964
8 0.790179 0.158482 0.169643 0.191964
8 0.881696 0.031250 0.227679 0.053571
8 0.741071 0.377232 0.169643 0.200893
8 0.845982 0.573661 0.183036 0.191964
8 0.875000 0.812500 0.214286 0.205357
8 0.674107 0.776786 0.169643 0.232143
8 0.604911 0.861607 0.218750 0.205357
8 0.252232 0.926339 0.245536 0.147321
