3 0.488839 0.495536 0.486607 0.410714
8 0.236607 0.296875 0.214286 0.209821
8 0.319196 0.241071 0.227679 0.196429
8 0.154018 0.087054 0.245536 0.165179
8 0.654018 0.049107 0.245536 0.089286
8 0.906250 0.100446 0.187500 0.191964
8 0.810268 0.363839 0.209821 0.174107
8 0.866071 0.553571 0.223214 0.205357
8 0.868304 0.761161 0.200893 0.218750
8 0.924107 0.750000 0.151786 0.214286
8 0.660714 0.754464 0.187500 0.267857
8 0.482143 0.819196 0.214286 0.281250
8 0.142857 0.683036 0.258929 0.232143
8 0.160714 0.582589 0.223214 0.209821
8 0.330357 0.948661 0.223214 0.102679
8 0.904018 0.939732 0.183036 0.120536
