3 0.508929 0.484375 0.500000 0.424107
3 0.924107 0.640625 0.151786 0.191964
8 0.220982 0.363839 0.218750 0.272321
8 0.084821 0.562500 0.160714 0.223214
8 0.247768 0.618304 0.209821 0.183036
8 0.118304 0.814732 0.227679 0.209821
8 0.267857 0.953125 0.276786 0.093750
8 0.542411 0.774554 0.218750 0.209821
8 0.732143 0.633929 0.205357 0.285714
8 0.899554 0.906250 0.200893 0.187500
8 0.964286 0.801339 0.071429 0.191964
8 0.598214 0.924107 0.294643 0.151786
8 0.892857 0.207589 0.214286 0.200893
8 0.752232 0.075893 0.254464 0.142857
8 0.917411 0.049107 0.165179 0.089286
8 0.212054 0.104911 0.254464 0.165179
8 0.383929 0.058036 0.357143 0.107143
