3 0.515625 0.500000 0.397321 0.339286
8 0.250000 0.084821 0.214286 0.160714
8 0.149554 0.252232 0.263393 0.218750
8 0.071429 0.042411 0.133929 0.075893
8 0.111607 0.464286 0.214286 0.178571
8 0.084821 0.694196 0.160714 0.183036
8 0.290179 0.676339 0.178571 0.174107
8 0.513393 0.781250 0.178571 0.232143
8 0.743304 0.819196 0.227679 0.209821
8 0.875000 0.772321 0.196429 0.258929
8 0.890625 0.962054 0.183036 0.075893
8 0.678571 0.966518 0.160714 0.066964
8 0.745536 0.569196 0.232143 0.263393
8 0.870536 0.406250 0.196429 0.205357
8 0.946429 0.491071 0.107143 0.187500
8 0.790179 0.196429 0.232143 0.223214
8 0.962054 0.227679 0.075893 0.205357
8 0.973214 0.051339 0.053571 0.093750
8 0.654018 0.069196 0.236607 0.129464
