3 0.513393 0.504464 0.375000 0.357143
3 0.087054 0.267857 0.084821 0.089286
8 0.332589 0.218750 0.245536 0.214286
8 0.569196 0.093750 0.200893 0.178571
8 0.462054 0.071429 0.183036 0.133929
8 0.167411 0.082589 0.209821 0.156250
8 0.035714 0.109375 0.062500 0.209821
8 0.218750 0.388393 0.214286 0.187500
8 0.227679 0.580357 0.205357 0.205357
8 0.071429 0.544643 0.133929 0.258929
8 0.107143 0.758929 0.196429 0.196429
8 0.274554 0.944196 0.200893 0.111607
8 0.571429 0.917411 0.223214 0.165179
8 0.435268 0.830357 0.245536 0.196429
8 0.482143 0.738839 0.232143 0.183036
8 0.640625 0.723214 0.183036 0.205357
8 0.843750 0.593750 0.241071 0.258929
8 0.785714 0.354911 0.214286 0.209821
8 0.774554 0.265625 0.218750 0.183036
8 0.957589 0.375000 0.084821 0.196429
