3 0.486607 0.524554 0.366071 0.352679
3 0.591518 0.772321 0.066964 0.098214
3 0.462054 0.091518 0.084821 0.102679
3 0.716518 0.162946 0.093750 0.084821
3 0.750000 0.633929 0.089286 0.071429
8 0.102679 0.337054 0.196429 0.191964
8 0.149554 0.392857 0.245536 0.241071
8 0.071429 0.111607 0.133929 0.214286
8 0.781250 0.118304 0.214286 0.174107
8 0.837054 0.279018 0.200893 0.227679
8 0.770089 0.915179 0.218750 0.169643
8 0.953125 0.924107 0.093750 0.151786
8 0.209821 0.906250 0.267857 0.178571
8 0.080357 0.779018 0.151786 0.165179
8 0.975446 0.073661 0.049107 0.138393
