3 0.508929 0.500000 0.437500 0.357143
8 0.618304 0.261161 0.236607 0.183036
8 0.714286 0.319196 0.169643 0.183036
8 0.890625 0.415179 0.218750 0.169643
8 0.904018 0.245536 0.191964 0.250000
8 0.955357 0.689732 0.089286 0.236607
8 0.841518 0.799107 0.174107 0.232143
8 0.767857 0.575893 0.178571 0.196429
8 0.584821 0.734375 0.214286 0.183036
8 0.587054 0.803571 0.254464 0.169643
8 0.848214 0.955357 0.258929 0.089286
8 0.332589 0.709821 0.254464 0.232143
8 0.207589 0.540179 0.218750 0.223214
8 0.167411 0.895089 0.272321 0.174107
8 0.029018 0.562500 0.049107 0.160714
8 0.053571 0.357143 0.098214 0.205357
8 0.165179 0.229911 0.196429 0.227679
8 0.044643 0.118304 0.080357 0.227679
