3 0.506696 0.491071 0.352679 0.392857
8 0.116071 0.084821 0.223214 0.160714
8 0.357143 0.060268 0.223214 0.111607
8 0.609375 0.071429 0.245536 0.133929
8 0.843750 0.046875 0.205357 0.084821
8 0.930804 0.174107 0.138393 0.196429
8 0.814732 0.417411 0.227679 0.218750
8 0.912946 0.607143 0.174107 0.223214
8 0.895089 0.834821 0.200893 0.214286
8 0.529018 0.756696 0.290179 0.209821
8 0.294643 0.741071 0.223214 0.232143
8 0.225446 0.484375 0.200893 0.236607
8 0.069196 0.524554 0.129464 0.183036
8 0.125000 0.883929 0.223214 0.232143
8 0.558036 0.941964 0.258929 0.116071
