3 0.508929 0.486607 0.410714 0.437500
3 0.654018 0.116071 0.102679 0.089286
3 0.154018 0.294643 0.084821 0.080357
8 0.238839 0.178571 0.245536 0.205357
8 0.361607 0.243304 0.232143 0.227679
8 0.200893 0.421875 0.223214 0.227679
8 0.140625 0.756696 0.254464 0.254464
8 0.191964 0.964286 0.214286 0.071429
8 0.738839 0.716518 0.191964 0.227679
8 0.854911 0.917411 0.263393 0.165179
8 0.904018 0.631696 0.191964 0.254464
8 0.756696 0.462054 0.227679 0.227679
8 0.908482 0.354911 0.183036 0.209821
8 0.924107 0.283482 0.151786 0.200893
8 0.808036 0.138393 0.214286 0.196429
8 0.808036 0.066964 0.232143 0.125000
8 0.439732 0.107143 0.218750 0.205357
8 0.078125 0.111607 0.147321 0.214286
8 0.212054 0.051339 0.200893 0.093750
