3 0.511161 0.495536 0.486607 0.419643
8 0.475446 0.064732 0.200893 0.120536
8 0.553571 0.031250 0.169643 0.053571
8 0.524554 0.218750 0.218750 0.169643
8 0.658482 0.225446 0.191964 0.209821
8 0.810268 0.466518 0.174107 0.236607
8 0.944196 0.379464 0.111607 0.214286
8 0.944196 0.167411 0.111607 0.218750
8 0.955357 0.031250 0.089286 0.053571
8 0.191964 0.140625 0.205357 0.191964
8 0.093750 0.345982 0.178571 0.254464
8 0.196429 0.609375 0.196429 0.236607
8 0.062500 0.723214 0.116071 0.214286
8 0.080357 0.825893 0.151786 0.232143
8 0.290179 0.823661 0.214286 0.165179
8 0.392857 0.957589 0.205357 0.084821
8 0.591518 0.970982 0.174107 0.058036
8 0.816964 0.924107 0.205357 0.151786
8 0.732143 0.736607 0.232143 0.169643
8 0.910714 0.680804 0.178571 0.218750
