3 0.517857 0.511161 0.375000 0.415179
3 0.799107 0.616071 0.107143 0.125000
3 0.301339 0.441964 0.120536 0.116071
3 0.098214 0.772321 0.151786 0.080357
8 0.439732 0.243304 0.200893 0.200893
8 0.625000 0.207589 0.223214 0.200893
8 0.857143 0.354911 0.205357 0.183036
8 0.866071 0.252232 0.223214 0.183036
8 0.908482 0.544643 0.183036 0.187500
8 0.959821 0.872768 0.080357 0.174107
8 0.709821 0.743304 0.258929 0.191964
8 0.484375 0.754464 0.236607 0.205357
8 0.245536 0.553571 0.205357 0.232143
8 0.091518 0.649554 0.174107 0.183036
8 0.066964 0.537946 0.125000 0.183036
8 0.274554 0.738839 0.183036 0.174107
8 0.562500 0.908482 0.205357 0.183036
8 0.261161 0.279018 0.191964 0.165179
8 0.104911 0.176339 0.200893 0.191964
8 0.040179 0.046875 0.071429 0.084821
8 0.254464 0.084821 0.205357 0.160714
8 0.491071 0.069196 0.250000 0.129464
8 0.044643 0.332589 0.080357 0.165179
