3 0.484375 0.482143 0.388393 0.330357
3 0.912946 0.084821 0.129464 0.098214
3 0.861607 0.816964 0.276786 0.366071
8 0.654018 0.227679 0.183036 0.232143
8 0.787946 0.279018 0.245536 0.209821
8 0.883929 0.370536 0.205357 0.196429
8 0.850446 0.558036 0.183036 0.169643
8 0.685268 0.683036 0.191964 0.205357
8 0.453125 0.805804 0.218750 0.254464
8 0.486607 0.970982 0.223214 0.058036
8 0.189732 0.953125 0.218750 0.093750
8 0.191964 0.765625 0.241071 0.263393
8 0.069196 0.136161 0.129464 0.236607
8 0.174107 0.095982 0.196429 0.183036
