3 0.495536 0.513393 0.544643 0.437500
8 0.194196 0.122768 0.236607 0.236607
8 0.406250 0.033482 0.169643 0.058036
8 0.033482 0.044643 0.058036 0.080357
8 0.167411 0.560268 0.209821 0.200893
8 0.683036 0.256696 0.223214 0.227679
8 0.783482 0.098214 0.218750 0.187500
8 0.935268 0.214286 0.129464 0.223214
8 0.941964 0.332589 0.116071 0.254464
8 0.859375 0.529018 0.245536 0.245536
8 0.926339 0.741071 0.147321 0.232143
8 0.747768 0.658482 0.227679 0.191964
8 0.526786 0.763393 0.250000 0.160714
8 0.316964 0.736607 0.258929 0.214286
8 0.232143 0.973214 0.205357 0.053571
8 0.062500 0.946429 0.116071 0.107143
