3 0.508929 0.495536 0.383929 0.437500
8 0.220982 0.294643 0.191964 0.205357
8 0.089286 0.430804 0.169643 0.165179
8 0.138393 0.084821 0.267857 0.160714
8 0.533482 0.203125 0.245536 0.183036
8 0.627232 0.261161 0.147321 0.147321
8 0.837054 0.377232 0.209821 0.191964
8 0.819196 0.154018 0.174107 0.191964
8 0.906250 0.178571 0.187500 0.196429
8 0.750000 0.587054 0.187500 0.209821
8 0.939732 0.618304 0.120536 0.218750
8 0.919643 0.906250 0.160714 0.187500
8 0.598214 0.750000 0.223214 0.196429
8 0.350446 0.725446 0.209821 0.174107
8 0.252232 0.808036 0.245536 0.196429
8 0.082589 0.638393 0.156250 0.196429
8 0.584821 0.966518 0.196429 0.066964
