3 0.495536 0.491071 0.357143 0.500000
3 0.834821 0.718750 0.053571 0.062500
8 0.457589 0.160714 0.245536 0.232143
8 0.720982 0.171875 0.200893 0.200893
8 0.897321 0.276786 0.187500 0.178571
8 0.966518 0.500000 0.066964 0.160714
8 0.926339 0.803571 0.147321 0.232143
8 0.700893 0.758929 0.196429 0.178571
8 0.533482 0.868304 0.236607 0.209821
8 0.361607 0.725446 0.232143 0.236607
8 0.212054 0.848214 0.191964 0.178571
8 0.227679 0.953125 0.241071 0.093750
8 0.095982 0.691964 0.183036 0.214286
8 0.285714 0.475446 0.169643 0.218750
8 0.238839 0.247768 0.200893 0.191964
8 0.131696 0.064732 0.174107 0.120536
8 0.062500 0.042411 0.116071 0.075893
8 0.589286 0.053571 0.223214 0.098214
