3 0.495536 0.495536 0.401786 0.419643
8 0.241071 0.261161 0.250000 0.254464
8 0.029018 0.100446 0.049107 0.191964
8 0.082589 0.066964 0.156250 0.125000
8 0.678571 0.111607 0.267857 0.214286
8 0.604911 0.095982 0.263393 0.183036
8 0.897321 0.066964 0.205357 0.125000
8 0.854911 0.562500 0.218750 0.214286
8 0.906250 0.792411 0.187500 0.236607
8 0.274554 0.696429 0.263393 0.250000
8 0.183036 0.685268 0.267857 0.236607
8 0.544643 0.819196 0.276786 0.218750
8 0.863839 0.959821 0.236607 0.080357
8 0.058036 0.551339 0.107143 0.209821
