3 0.517857 0.546875 0.357143 0.343750
8 0.549107 0.234375 0.267857 0.236607
8 0.785714 0.437500 0.223214 0.232143
8 0.752232 0.363839 0.227679 0.218750
8 0.830357 0.183036 0.196429 0.196429
8 0.895089 0.053571 0.209821 0.098214
8 0.629464 0.069196 0.258929 0.129464
8 0.357143 0.069196 0.276786 0.129464
8 0.127232 0.118304 0.245536 0.183036
8 0.084821 0.314732 0.160714 0.227679
8 0.218750 0.448661 0.223214 0.200893
8 0.194196 0.883929 0.200893 0.214286
8 0.312500 0.906250 0.187500 0.178571
8 0.437500 0.859375 0.223214 0.227679
8 0.587054 0.946429 0.227679 0.107143
8 0.649554 0.761161 0.245536 0.218750
8 0.839286 0.640625 0.160714 0.200893
8 0.955357 0.647321 0.089286 0.214286
8 0.899554 0.935268 0.200893 0.129464
8 0.066964 0.941964 0.125000 0.116071
