3 0.497768 0.524554 0.361607 0.379464
3 0.816964 0.794643 0.062500 0.107143
3 0.154018 0.165179 0.075893 0.080357
3 0.917411 0.720982 0.049107 0.058036
8 0.368304 0.191964 0.254464 0.241071
8 0.674107 0.066964 0.223214 0.125000
8 0.895089 0.082589 0.209821 0.156250
8 0.950893 0.334821 0.098214 0.214286
8 0.191964 0.274554 0.241071 0.183036
8 0.194196 0.397321 0.191964 0.187500
8 0.046875 0.430804 0.084821 0.218750
8 0.055804 0.176339 0.102679 0.263393
8 0.218750 0.620536 0.223214 0.250000
8 0.044643 0.685268 0.080357 0.209821
8 0.220982 0.928571 0.236607 0.142857
8 0.473214 0.839286 0.205357 0.205357
8 0.674107 0.787946 0.196429 0.236607
8 0.618304 0.941964 0.227679 0.116071
8 0.863839 0.962054 0.209821 0.075893
