3 0.506696 0.511161 0.388393 0.397321
3 0.290179 0.383929 0.062500 0.071429
8 0.776786 0.214286 0.241071 0.187500
8 0.776786 0.397321 0.223214 0.205357
8 0.944196 0.408482 0.111607 0.254464
8 0.944196 0.100446 0.111607 0.191964
8 0.772321 0.053571 0.241071 0.098214
8 0.589286 0.078125 0.196429 0.147321
8 0.227679 0.149554 0.276786 0.290179
8 0.098214 0.321429 0.187500 0.232143
8 0.225446 0.504464 0.200893 0.196429
8 0.075893 0.703125 0.142857 0.227679
8 0.093750 0.912946 0.178571 0.174107
8 0.185268 0.962054 0.183036 0.075893
8 0.395089 0.879464 0.218750 0.232143
8 0.600446 0.892857 0.209821 0.214286
8 0.453125 0.756696 0.308036 0.209821
8 0.743304 0.669643 0.218750 0.196429
8 0.837054 0.879464 0.263393 0.241071
