3 0.508929 0.508929 0.464286 0.482143
8 0.738839 0.214286 0.227679 0.214286
8 0.890625 0.053571 0.191964 0.098214
8 0.930804 0.256696 0.138393 0.227679
8 0.950893 0.546875 0.098214 0.227679
8 0.808036 0.611607 0.196429 0.241071
8 0.924107 0.776786 0.151786 0.214286
8 0.754464 0.872768 0.187500 0.174107
8 0.564732 0.825893 0.174107 0.196429
8 0.348214 0.908482 0.232143 0.183036
8 0.109375 0.921875 0.209821 0.156250
8 0.575893 0.968750 0.187500 0.062500
8 0.051339 0.526786 0.093750 0.214286
8 0.167411 0.118304 0.200893 0.200893
8 0.207589 0.040179 0.209821 0.071429
8 0.430804 0.046875 0.200893 0.084821
