3 0.504464 0.488839 0.321429 0.325893
8 0.323661 0.071429 0.200893 0.133929
8 0.649554 0.279018 0.209821 0.191964
8 0.794643 0.383929 0.116071 0.258929
8 0.910714 0.370536 0.178571 0.232143
8 0.892857 0.571429 0.214286 0.178571
8 0.926339 0.743304 0.147321 0.200893
8 0.720982 0.497768 0.147321 0.227679
8 0.714286 0.654018 0.169643 0.200893
8 0.964286 0.921875 0.071429 0.156250
8 0.658482 0.868304 0.165179 0.209821
8 0.787946 0.941964 0.174107 0.116071
8 0.517857 0.716518 0.285714 0.147321
8 0.562500 0.933036 0.169643 0.133929
8 0.263393 0.957589 0.250000 0.084821
8 0.261161 0.714286 0.165179 0.276786
8 0.095982 0.656250 0.183036 0.223214
8 0.196429 0.533482 0.267857 0.156250
8 0.187500 0.377232 0.258929 0.191964
8 0.058036 0.232143 0.107143 0.205357
8 0.805804 0.133929 0.236607 0.178571
