3 0.504464 0.526786 0.437500 0.482143
8 0.350446 0.140625 0.236607 0.227679
8 0.111607 0.136161 0.214286 0.218750
8 0.058036 0.337054 0.107143 0.218750
8 0.196429 0.433036 0.214286 0.285714
8 0.200893 0.714286 0.250000 0.232143
8 0.234375 0.810268 0.236607 0.200893
8 0.098214 0.930804 0.187500 0.138393
8 0.319196 0.955357 0.200893 0.089286
8 0.441964 0.906250 0.232143 0.187500
8 0.718750 0.776786 0.205357 0.223214
8 0.906250 0.674107 0.187500 0.205357
8 0.899554 0.772321 0.200893 0.232143
8 0.935268 0.937500 0.129464 0.125000
8 0.712054 0.941964 0.236607 0.116071
8 0.819196 0.470982 0.245536 0.227679
8 0.587054 0.263393 0.209821 0.214286
8 0.906250 0.174107 0.187500 0.294643
8 0.736607 0.069196 0.214286 0.129464
