3 0.486607 0.491071 0.419643 0.410714
8 0.792411 0.261161 0.218750 0.218750
8 0.935268 0.381696 0.129464 0.227679
8 0.745536 0.066964 0.214286 0.125000
8 0.868304 0.080357 0.200893 0.151786
8 0.977679 0.189732 0.044643 0.147321
8 0.781250 0.618304 0.214286 0.254464
8 0.546875 0.136161 0.209821 0.209821
8 0.464286 0.017857 0.187500 0.026786
8 0.343750 0.223214 0.214286 0.241071
8 0.122768 0.167411 0.218750 0.191964
8 0.082589 0.107143 0.156250 0.205357
8 0.207589 0.571429 0.227679 0.250000
8 0.459821 0.888393 0.205357 0.178571
8 0.774554 0.868304 0.209821 0.218750
8 0.946429 0.814732 0.107143 0.174107
8 0.156250 0.962054 0.258929 0.075893
