3 0.500000 0.502232 0.455357 0.388393
8 0.191964 0.316964 0.250000 0.267857
8 0.390625 0.176339 0.218750 0.209821
8 0.609375 0.136161 0.245536 0.263393
8 0.834821 0.062500 0.223214 0.116071
8 0.975446 0.082589 0.049107 0.156250
8 0.935268 0.294643 0.129464 0.214286
8 0.796875 0.404018 0.227679 0.218750
8 0.845982 0.491071 0.200893 0.214286
8 0.957589 0.796875 0.084821 0.191964
8 0.928571 0.944196 0.142857 0.111607
8 0.598214 0.832589 0.267857 0.227679
8 0.176339 0.700893 0.254464 0.258929
8 0.167411 0.883929 0.254464 0.232143
8 0.035714 0.183036 0.062500 0.241071
8 0.091518 0.035714 0.174107 0.062500
