3 0.504464 0.497768 0.383929 0.370536
8 0.218750 0.533482 0.196429 0.200893
8 0.343750 0.707589 0.178571 0.191964
8 0.216518 0.729911 0.200893 0.200893
8 0.455357 0.888393 0.232143 0.196429
8 0.665179 0.720982 0.205357 0.191964
8 0.064732 0.609375 0.120536 0.200893
8 0.053571 0.466518 0.098214 0.191964
8 0.060268 0.263393 0.111607 0.196429
8 0.752232 0.345982 0.191964 0.245536
8 0.924107 0.198661 0.151786 0.218750
8 0.910714 0.053571 0.178571 0.098214
8 0.638393 0.044643 0.241071 0.080357
8 0.890625 0.944196 0.218750 0.111607
