3 0.511161 0.502232 0.361607 0.370536
8 0.107143 0.533482 0.196429 0.183036
8 0.216518 0.468750 0.209821 0.187500
8 0.136161 0.390625 0.227679 0.191964
8 0.252232 0.194196 0.200893 0.200893
8 0.404018 0.060268 0.200893 0.111607
8 0.529018 0.189732 0.245536 0.209821
8 0.720982 0.104911 0.218750 0.200893
8 0.890625 0.167411 0.209821 0.218750
8 0.939732 0.037946 0.120536 0.066964
8 0.901786 0.408482 0.187500 0.209821
8 0.937500 0.631696 0.125000 0.209821
8 0.881696 0.872768 0.200893 0.209821
8 0.785714 0.875000 0.205357 0.196429
8 0.779018 0.658482 0.200893 0.218750
8 0.549107 0.754464 0.267857 0.187500
8 0.560268 0.912946 0.263393 0.174107
8 0.332589 0.841518 0.218750 0.174107
8 0.247768 0.908482 0.236607 0.183036
8 0.330357 0.658482 0.205357 0.218750
