3 0.495536 0.495536 0.410714 0.410714
3 0.959821 0.658482 0.080357 0.200893
8 0.290179 0.267857 0.205357 0.196429
8 0.075893 0.254464 0.142857 0.223214
8 0.116071 0.145089 0.205357 0.174107
8 0.500000 0.187500 0.196429 0.196429
8 0.578125 0.171875 0.236607 0.209821
8 0.776786 0.314732 0.250000 0.218750
8 0.917411 0.466518 0.165179 0.183036
8 0.950893 0.187500 0.098214 0.160714
8 0.801339 0.636161 0.209821 0.218750
8 0.636161 0.790179 0.227679 0.187500
8 0.741071 0.834821 0.205357 0.214286
8 0.504464 0.924107 0.205357 0.151786
8 0.345982 0.792411 0.227679 0.209821
8 0.120536 0.877232 0.232143 0.200893
8 0.111607 0.651786 0.214286 0.214286
8 0.167411 0.457589 0.236607 0.227679
