3 0.466518 0.524554 0.424107 0.397321
3 0.941964 0.267857 0.116071 0.053571
8 0.341518 0.256696 0.218750 0.183036
8 0.522321 0.102679 0.214286 0.196429
8 0.236607 0.080357 0.258929 0.151786
8 0.111607 0.303571 0.214286 0.258929
8 0.225446 0.562500 0.236607 0.241071
8 0.082589 0.716518 0.156250 0.191964
8 0.270089 0.915179 0.183036 0.169643
8 0.363839 0.955357 0.191964 0.089286
8 0.464286 0.814732 0.223214 0.209821
8 0.645089 0.910714 0.227679 0.178571
8 0.859375 0.857143 0.209821 0.214286
8 0.912946 0.758929 0.174107 0.232143
8 0.738839 0.694196 0.200893 0.200893
8 0.906250 0.412946 0.187500 0.191964
