3 0.500000 0.495536 0.366071 0.339286
8 0.250000 0.301339 0.196429 0.200893
8 0.078125 0.383929 0.147321 0.223214
8 0.084821 0.727679 0.160714 0.223214
8 0.220982 0.879464 0.236607 0.241071
8 0.395089 0.727679 0.209821 0.196429
8 0.522321 0.745536 0.214286 0.205357
8 0.636161 0.720982 0.200893 0.227679
8 0.723214 0.658482 0.205357 0.209821
8 0.866071 0.714286 0.214286 0.223214
8 0.729911 0.921875 0.209821 0.156250
8 0.473214 0.926339 0.232143 0.147321
8 0.732143 0.426339 0.205357 0.227679
8 0.899554 0.299107 0.165179 0.196429
8 0.935268 0.254464 0.129464 0.214286
8 0.756696 0.156250 0.218750 0.196429
8 0.912946 0.037946 0.174107 0.066964
8 0.696429 0.029018 0.214286 0.049107
8 0.450893 0.060268 0.214286 0.111607
8 0.187500 0.102679 0.223214 0.187500
