3 0.500000 0.526786 0.428571 0.392857
8 0.587054 0.243304 0.200893 0.183036
8 0.433036 0.113839 0.187500 0.200893
8 0.819196 0.062500 0.227679 0.116071
8 0.966518 0.111607 0.066964 0.187500
8 0.937500 0.332589 0.125000 0.174107
8 0.741071 0.379464 0.214286 0.241071
8 0.870536 0.526786 0.223214 0.205357
8 0.946429 0.732143 0.107143 0.205357
8 0.959821 0.921875 0.080357 0.156250
8 0.765625 0.691964 0.218750 0.214286
8 0.535714 0.801339 0.160714 0.183036
8 0.627232 0.787946 0.129464 0.254464
8 0.787946 0.910714 0.200893 0.178571
8 0.584821 0.959821 0.178571 0.080357
8 0.401786 0.926339 0.187500 0.147321
8 0.216518 0.953125 0.191964 0.093750
8 0.098214 0.839286 0.187500 0.187500
8 0.160714 0.671875 0.178571 0.191964
8 0.214286 0.553571 0.187500 0.232143
8 0.055804 0.495536 0.102679 0.267857
