3 0.502232 0.544643 0.477679 0.500000
3 0.839286 0.535714 0.053571 0.098214
8 0.890625 0.276786 0.209821 0.205357
8 0.223214 0.133929 0.232143 0.223214
8 0.062500 0.062500 0.116071 0.116071
8 0.439732 0.189732 0.200893 0.209821
8 0.459821 0.037946 0.223214 0.066964
8 0.676339 0.328125 0.227679 0.227679
8 0.941964 0.082589 0.116071 0.156250
8 0.964286 0.470982 0.071429 0.165179
8 0.888393 0.687500 0.196429 0.196429
8 0.821429 0.683036 0.187500 0.250000
8 0.705357 0.803571 0.187500 0.160714
8 0.276786 0.897321 0.232143 0.205357
8 0.207589 0.678571 0.227679 0.250000
8 0.127232 0.450893 0.227679 0.223214
8 0.332589 0.350446 0.245536 0.191964
8 0.064732 0.895089 0.120536 0.209821
