3 0.486607 0.506696 0.366071 0.370536
8 0.301339 0.319196 0.218750 0.209821
8 0.071429 0.564732 0.133929 0.209821
8 0.352679 0.747768 0.214286 0.209821
8 0.241071 0.901786 0.250000 0.196429
8 0.660714 0.895089 0.187500 0.209821
8 0.712054 0.274554 0.218750 0.227679
8 0.933036 0.435268 0.133929 0.245536
8 0.973214 0.209821 0.053571 0.205357
8 0.892857 0.071429 0.214286 0.133929
8 0.640625 0.073661 0.227679 0.138393
8 0.401786 0.037946 0.241071 0.066964
8 0.107143 0.089286 0.205357 0.169643
8 0.035714 0.274554 0.062500 0.200893
