3 0.495536 0.511161 0.383929 0.352679
8 0.620536 0.169643 0.214286 0.169643
8 0.685268 0.232143 0.245536 0.196429
8 0.832589 0.256696 0.200893 0.245536
8 0.904018 0.187500 0.165179 0.205357
8 0.944196 0.049107 0.111607 0.089286
8 0.705357 0.457589 0.187500 0.227679
8 0.696429 0.627232 0.205357 0.165179
8 0.720982 0.674107 0.200893 0.178571
8 0.877232 0.566964 0.174107 0.214286
8 0.912946 0.464286 0.174107 0.178571
8 0.500000 0.785714 0.223214 0.205357
8 0.575893 0.828125 0.178571 0.174107
8 0.066964 0.875000 0.125000 0.196429
8 0.042411 0.631696 0.075893 0.191964
8 0.066964 0.392857 0.125000 0.241071
8 0.062500 0.158482 0.116071 0.209821
8 0.122768 0.176339 0.165179 0.200893
8 0.314732 0.093750 0.227679 0.178571
8 0.127232 0.419643 0.209821 0.232143
