3 0.493304 0.575893 0.450893 0.446429
8 0.745536 0.125000 0.241071 0.232143
8 0.479911 0.191964 0.254464 0.232143
8 0.187500 0.058036 0.276786 0.107143
8 0.102679 0.267857 0.196429 0.241071
8 0.058036 0.370536 0.107143 0.232143
8 0.191964 0.520089 0.196429 0.263393
8 0.198661 0.667411 0.227679 0.191964
8 0.386161 0.879464 0.236607 0.241071
8 0.102679 0.915179 0.196429 0.169643
8 0.912946 0.602679 0.174107 0.214286
8 0.796875 0.368304 0.272321 0.236607
8 0.946429 0.062500 0.107143 0.116071
8 0.814732 0.959821 0.227679 0.080357
8 0.928571 0.924107 0.142857 0.151786
