3 0.504464 0.544643 0.330357 0.366071
8 0.531250 0.245536 0.142857 0.205357
8 0.419643 0.095982 0.196429 0.183036
8 0.265625 0.189732 0.191964 0.200893
8 0.171875 0.220982 0.200893 0.165179
8 0.093750 0.337054 0.178571 0.227679
8 0.247768 0.439732 0.227679 0.165179
8 0.162946 0.627232 0.200893 0.209821
8 0.205357 0.828125 0.178571 0.183036
8 0.698661 0.687500 0.174107 0.187500
8 0.683036 0.745536 0.241071 0.116071
8 0.736607 0.823661 0.196429 0.156250
8 0.890625 0.607143 0.209821 0.196429
8 0.910714 0.383929 0.178571 0.178571
8 0.933036 0.183036 0.133929 0.196429
8 0.886161 0.040179 0.200893 0.071429
8 0.479911 0.959821 0.183036 0.080357
