3 0.491071 0.491071 0.455357 0.366071
3 0.843750 0.075893 0.098214 0.125000
8 0.314732 0.256696 0.165179 0.191964
8 0.178571 0.319196 0.223214 0.174107
8 0.200893 0.515625 0.205357 0.209821
8 0.049107 0.479911 0.089286 0.191964
8 0.044643 0.787946 0.080357 0.200893
8 0.069196 0.966518 0.129464 0.066964
8 0.241071 0.948661 0.187500 0.102679
8 0.357143 0.723214 0.196429 0.187500
8 0.560268 0.754464 0.218750 0.187500
8 0.622768 0.883929 0.218750 0.232143
8 0.810268 0.785714 0.191964 0.214286
8 0.870536 0.696429 0.169643 0.214286
8 0.959821 0.897321 0.080357 0.205357
8 0.886161 0.444196 0.200893 0.191964
8 0.752232 0.383929 0.218750 0.258929
8 0.861607 0.225446 0.169643 0.174107
8 0.917411 0.125000 0.165179 0.169643
8 0.667411 0.122768 0.227679 0.209821
8 0.522321 0.026786 0.187500 0.044643
8 0.245536 0.075893 0.214286 0.142857
8 0.069196 0.075893 0.129464 0.142857
