3 0.167411 0.392857 0.308036 0.375000
3 0.531250 0.522321 0.455357 0.446429
8 0.290179 0.093750 0.223214 0.178571
8 0.087054 0.035714 0.165179 0.062500
8 0.044643 0.178571 0.080357 0.178571
8 0.741071 0.185268 0.205357 0.209821
8 0.678571 0.127232 0.205357 0.183036
8 0.910714 0.397321 0.178571 0.205357
8 0.957589 0.611607 0.084821 0.196429
8 0.924107 0.821429 0.151786 0.223214
8 0.723214 0.770089 0.187500 0.200893
8 0.517857 0.959821 0.196429 0.080357
8 0.243304 0.915179 0.191964 0.169643
8 0.069196 0.910714 0.129464 0.178571
8 0.051339 0.633929 0.093750 0.223214
