3 0.508929 0.475446 0.392857 0.406250
3 0.705357 0.812500 0.071429 0.116071
3 0.125000 0.120536 0.062500 0.062500
8 0.352679 0.261161 0.258929 0.191964
8 0.727679 0.171875 0.258929 0.227679
8 0.908482 0.303571 0.183036 0.196429
8 0.895089 0.553571 0.200893 0.205357
8 0.678571 0.794643 0.214286 0.205357
8 0.544643 0.928571 0.214286 0.142857
8 0.191964 0.578125 0.276786 0.209821
8 0.111607 0.767857 0.214286 0.187500
8 0.180804 0.383929 0.209821 0.160714
8 0.066964 0.252232 0.125000 0.209821
8 0.216518 0.087054 0.218750 0.165179
8 0.435268 0.033482 0.183036 0.058036
8 0.685268 0.026786 0.218750 0.044643
