3 0.508929 0.529018 0.375000 0.415179
8 0.493304 0.060268 0.236607 0.111607
8 0.627232 0.203125 0.236607 0.183036
8 0.712054 0.339286 0.227679 0.267857
8 0.917411 0.368304 0.165179 0.209821
8 0.830357 0.104911 0.196429 0.200893
8 0.966518 0.165179 0.066964 0.169643
8 0.950893 0.037946 0.098214 0.066964
8 0.863839 0.671875 0.218750 0.209821
8 0.901786 0.870536 0.151786 0.169643
8 0.955357 0.857143 0.089286 0.196429
8 0.662946 0.863839 0.236607 0.218750
8 0.390625 0.723214 0.227679 0.187500
8 0.408482 0.908482 0.236607 0.183036
8 0.203125 0.928571 0.174107 0.142857
8 0.073661 0.892857 0.138393 0.214286
8 0.167411 0.658482 0.209821 0.254464
8 0.098214 0.370536 0.187500 0.169643
