3 0.520089 0.506696 0.325893 0.316964
8 0.187500 0.274554 0.250000 0.254464
8 0.238839 0.508929 0.209821 0.196429
8 0.191964 0.678571 0.187500 0.196429
8 0.404018 0.727679 0.200893 0.187500
8 0.627232 0.660714 0.174107 0.196429
8 0.805804 0.508929 0.209821 0.196429
8 0.888393 0.553571 0.178571 0.223214
8 0.897321 0.854911 0.205357 0.218750
8 0.587054 0.941964 0.209821 0.116071
8 0.245536 0.921875 0.223214 0.156250
8 0.812500 0.308036 0.214286 0.205357
8 0.959821 0.325893 0.080357 0.214286
8 0.970982 0.102679 0.058036 0.196429
8 0.801339 0.089286 0.227679 0.169643
8 0.517857 0.044643 0.223214 0.080357
8 0.296875 0.042411 0.191964 0.075893
