3 0.495536 0.573661 0.383929 0.441964
8 0.428571 0.247768 0.178571 0.245536
8 0.258929 0.341518 0.205357 0.191964
8 0.261161 0.107143 0.245536 0.205357
8 0.553571 0.046875 0.196429 0.084821
8 0.770089 0.044643 0.191964 0.080357
8 0.799107 0.178571 0.241071 0.223214
8 0.946429 0.071429 0.107143 0.133929
8 0.919643 0.390625 0.160714 0.200893
8 0.049107 0.368304 0.089286 0.236607
8 0.238839 0.562500 0.245536 0.205357
8 0.071429 0.616071 0.133929 0.250000
8 0.281250 0.779018 0.232143 0.236607
8 0.421875 0.921875 0.209821 0.156250
8 0.616071 0.919643 0.196429 0.160714
8 0.770089 0.816964 0.281250 0.258929
8 0.082589 0.904018 0.156250 0.191964
