3 0.502232 0.569196 0.504464 0.397321
3 0.366071 0.345982 0.133929 0.093750
3 0.263393 0.252232 0.107143 0.093750
3 0.029018 0.500000 0.049107 0.071429
8 0.111607 0.089286 0.214286 0.169643
8 0.216518 0.113839 0.245536 0.200893
8 0.198661 0.357143 0.227679 0.205357
8 0.127232 0.725446 0.245536 0.236607
8 0.589286 0.939732 0.205357 0.120536
8 0.651786 0.781250 0.232143 0.196429
8 0.799107 0.901786 0.214286 0.196429
8 0.848214 0.647321 0.205357 0.232143
8 0.895089 0.424107 0.191964 0.232143
8 0.930804 0.035714 0.138393 0.062500
8 0.973214 0.191964 0.053571 0.169643
8 0.058036 0.959821 0.107143 0.080357
8 0.962054 0.868304 0.075893 0.156250
