3 0.508929 0.504464 0.455357 0.419643
3 0.928571 0.941964 0.116071 0.080357
8 0.332589 0.243304 0.209821 0.227679
8 0.122768 0.330357 0.236607 0.232143
8 0.107143 0.158482 0.205357 0.174107
8 0.066964 0.075893 0.125000 0.142857
8 0.066964 0.520089 0.125000 0.191964
8 0.203125 0.667411 0.218750 0.209821
8 0.377232 0.919643 0.183036 0.160714
8 0.504464 0.937500 0.178571 0.125000
8 0.616071 0.787946 0.205357 0.245536
8 0.167411 0.955357 0.209821 0.089286
8 0.794643 0.540179 0.223214 0.241071
8 0.924107 0.662946 0.151786 0.209821
8 0.906250 0.357143 0.187500 0.223214
8 0.763393 0.218750 0.223214 0.232143
8 0.553571 0.160714 0.223214 0.214286
8 0.678571 0.029018 0.187500 0.049107
8 0.948661 0.053571 0.102679 0.098214
