3 0.484375 0.491071 0.486607 0.383929
8 0.091518 0.430804 0.174107 0.183036
8 0.185268 0.584821 0.191964 0.178571
8 0.102679 0.930804 0.196429 0.138393
8 0.406250 0.837054 0.250000 0.200893
8 0.502232 0.825893 0.200893 0.258929
8 0.665179 0.709821 0.223214 0.196429
8 0.712054 0.899554 0.200893 0.174107
8 0.970982 0.729911 0.058036 0.156250
8 0.904018 0.421875 0.183036 0.218750
8 0.743304 0.243304 0.227679 0.227679
8 0.611607 0.066964 0.214286 0.125000
8 0.435268 0.104911 0.218750 0.200893
8 0.100446 0.200893 0.191964 0.223214
8 0.904018 0.042411 0.191964 0.075893
