3 0.508929 0.502232 0.419643 0.433036
3 0.258929 0.265625 0.089286 0.120536
3 0.051339 0.890625 0.093750 0.129464
8 0.493304 0.174107 0.183036 0.214286
8 0.741071 0.312500 0.196429 0.196429
8 0.845982 0.138393 0.200893 0.196429
8 0.950893 0.265625 0.098214 0.209821
8 0.750000 0.035714 0.205357 0.062500
8 0.825893 0.475446 0.187500 0.183036
8 0.933036 0.620536 0.133929 0.223214
8 0.935268 0.861607 0.129464 0.223214
8 0.758929 0.854911 0.187500 0.183036
8 0.765625 0.647321 0.191964 0.205357
8 0.602679 0.785714 0.205357 0.214286
8 0.386161 0.792411 0.191964 0.200893
8 0.412946 0.948661 0.209821 0.102679
8 0.133929 0.937500 0.223214 0.125000
8 0.142857 0.727679 0.214286 0.232143
8 0.227679 0.656250 0.196429 0.205357
8 0.191964 0.421875 0.258929 0.245536
8 0.044643 0.151786 0.080357 0.223214
8 0.216518 0.100446 0.200893 0.191964
8 0.426339 0.069196 0.227679 0.129464
8 0.109375 0.033482 0.183036 0.058036
