3 0.502232 0.537946 0.370536 0.433036
8 0.151786 0.466518 0.214286 0.227679
8 0.283482 0.274554 0.227679 0.227679
8 0.098214 0.169643 0.187500 0.214286
8 0.281250 0.071429 0.258929 0.133929
8 0.566964 0.055804 0.232143 0.102679
8 0.754464 0.111607 0.223214 0.205357
8 0.919643 0.033482 0.160714 0.058036
8 0.962054 0.332589 0.075893 0.183036
8 0.839286 0.439732 0.232143 0.227679
8 0.828125 0.669643 0.218750 0.187500
8 0.944196 0.828125 0.111607 0.218750
8 0.665179 0.859375 0.303571 0.263393
8 0.421875 0.848214 0.218750 0.232143
8 0.200893 0.821429 0.205357 0.205357
8 0.078125 0.928571 0.147321 0.142857
