3 0.513393 0.558036 0.419643 0.419643
3 0.602679 0.261161 0.151786 0.120536
3 0.473214 0.051339 0.116071 0.093750
3 0.504464 0.169643 0.080357 0.080357
3 0.209821 0.676339 0.116071 0.111607
8 0.122768 0.502232 0.218750 0.227679
8 0.111607 0.252232 0.214286 0.209821
8 0.267857 0.098214 0.196429 0.187500
8 0.642857 0.082589 0.214286 0.156250
8 0.816964 0.160714 0.196429 0.214286
8 0.953125 0.301339 0.093750 0.227679
8 0.810268 0.377232 0.209821 0.200893
8 0.948661 0.600446 0.102679 0.191964
8 0.957589 0.080357 0.084821 0.151786
8 0.466518 0.868304 0.263393 0.174107
8 0.116071 0.787946 0.214286 0.191964
8 0.118304 0.944196 0.200893 0.111607
8 0.828125 0.908482 0.227679 0.183036
