3 0.500000 0.506696 0.375000 0.325893
3 0.133929 0.763393 0.258929 0.330357
8 0.410714 0.790179 0.223214 0.285714
8 0.625000 0.872768 0.196429 0.209821
8 0.868304 0.928571 0.236607 0.142857
8 0.924107 0.763393 0.151786 0.232143
8 0.803571 0.587054 0.196429 0.191964
8 0.783482 0.491071 0.174107 0.178571
8 0.917411 0.412946 0.165179 0.218750
8 0.857143 0.232143 0.196429 0.187500
8 0.868304 0.095982 0.245536 0.165179
8 0.642857 0.207589 0.214286 0.236607
8 0.502232 0.058036 0.236607 0.107143
8 0.274554 0.044643 0.183036 0.080357
8 0.066964 0.049107 0.125000 0.089286
8 0.232143 0.183036 0.214286 0.205357
8 0.167411 0.328125 0.165179 0.156250
8 0.214286 0.459821 0.205357 0.178571
8 0.046875 0.305804 0.084821 0.245536
8 0.095982 0.959821 0.183036 0.080357
8 0.265625 0.964286 0.129464 0.071429
