3 0.517857 0.553571 0.428571 0.383929
3 0.142857 0.607143 0.142857 0.098214
3 0.174107 0.812500 0.089286 0.080357
8 0.674107 0.183036 0.205357 0.187500
8 0.428571 0.118304 0.196429 0.183036
8 0.232143 0.069196 0.205357 0.129464
8 0.158482 0.227679 0.183036 0.187500
8 0.234375 0.252232 0.191964 0.200893
8 0.178571 0.444196 0.187500 0.191964
8 0.258929 0.462054 0.125000 0.191964
8 0.270089 0.680804 0.191964 0.218750
8 0.500000 0.819196 0.196429 0.183036
8 0.754464 0.908482 0.214286 0.183036
8 0.723214 0.810268 0.223214 0.191964
8 0.584821 0.953125 0.169643 0.093750
8 0.372768 0.939732 0.227679 0.120536
8 0.767857 0.595982 0.196429 0.209821
8 0.904018 0.533482 0.191964 0.191964
8 0.723214 0.386161 0.196429 0.236607
8 0.895089 0.292411 0.200893 0.209821
8 0.977679 0.118304 0.044643 0.191964
8 0.837054 0.069196 0.236607 0.129464
8 0.033482 0.198661 0.058036 0.200893
