3 0.506696 0.495536 0.308036 0.437500
3 0.020089 0.158482 0.031250 0.058036
8 0.875000 0.361607 0.214286 0.223214
8 0.928571 0.513393 0.142857 0.214286
8 0.906250 0.685268 0.187500 0.218750
8 0.819196 0.642857 0.183036 0.205357
8 0.707589 0.575893 0.227679 0.196429
8 0.720982 0.406250 0.191964 0.187500
8 0.415179 0.212054 0.250000 0.191964
8 0.593750 0.102679 0.214286 0.196429
8 0.841518 0.087054 0.218750 0.165179
8 0.145089 0.129464 0.209821 0.205357
8 0.080357 0.075893 0.151786 0.142857
8 0.111607 0.562500 0.214286 0.241071
8 0.252232 0.756696 0.209821 0.200893
8 0.437500 0.832589 0.205357 0.227679
8 0.533482 0.881696 0.191964 0.183036
8 0.729911 0.837054 0.209821 0.209821
