3 0.511161 0.522321 0.486607 0.419643
8 0.345982 0.136161 0.209821 0.218750
8 0.397321 0.071429 0.223214 0.133929
8 0.691964 0.035714 0.250000 0.062500
8 0.779018 0.080357 0.200893 0.151786
8 0.901786 0.243304 0.169643 0.191964
8 0.899554 0.450893 0.200893 0.214286
8 0.912946 0.716518 0.174107 0.200893
8 0.732143 0.651786 0.160714 0.223214
8 0.685268 0.761161 0.227679 0.227679
8 0.892857 0.912946 0.214286 0.174107
8 0.573661 0.950893 0.227679 0.098214
8 0.457589 0.794643 0.174107 0.214286
8 0.399554 0.839286 0.174107 0.214286
8 0.276786 0.941964 0.205357 0.116071
8 0.113839 0.886161 0.218750 0.227679
8 0.055804 0.435268 0.102679 0.263393
