3 0.486607 0.495536 0.383929 0.419643
8 0.439732 0.100446 0.245536 0.191964
8 0.676339 0.218750 0.236607 0.196429
8 0.729911 0.089286 0.254464 0.169643
8 0.890625 0.261161 0.200893 0.254464
8 0.966518 0.223214 0.066964 0.214286
8 0.763393 0.417411 0.223214 0.245536
8 0.912946 0.647321 0.174107 0.214286
8 0.841518 0.750000 0.218750 0.232143
8 0.941964 0.892857 0.116071 0.205357
8 0.781250 0.970982 0.214286 0.058036
8 0.236607 0.667411 0.241071 0.209821
8 0.220982 0.892857 0.209821 0.214286
8 0.062500 0.888393 0.116071 0.178571
8 0.042411 0.285714 0.075893 0.196429
8 0.078125 0.082589 0.147321 0.156250
