3 0.502232 0.508929 0.388393 0.357143
3 0.948661 0.370536 0.102679 0.098214
8 0.455357 0.136161 0.214286 0.209821
8 0.301339 0.305804 0.218750 0.183036
8 0.107143 0.120536 0.196429 0.214286
8 0.091518 0.343750 0.174107 0.178571
8 0.203125 0.515625 0.227679 0.183036
8 0.468750 0.785714 0.241071 0.205357
8 0.707589 0.774554 0.191964 0.236607
8 0.915179 0.611607 0.169643 0.223214
8 0.792411 0.408482 0.236607 0.218750
8 0.741071 0.053571 0.178571 0.098214
8 0.928571 0.069196 0.142857 0.129464
8 0.741071 0.955357 0.250000 0.089286
8 0.946429 0.926339 0.107143 0.147321
8 0.437500 0.955357 0.196429 0.089286
8 0.035714 0.571429 0.062500 0.205357
