3 0.495536 0.506696 0.383929 0.352679
8 0.886161 0.180804 0.200893 0.183036
8 0.792411 0.470982 0.191964 0.209821
8 0.703125 0.631696 0.200893 0.263393
8 0.854911 0.654018 0.147321 0.191964
8 0.904018 0.837054 0.191964 0.245536
8 0.564732 0.904018 0.200893 0.191964
8 0.305804 0.727679 0.236607 0.241071
8 0.111607 0.776786 0.196429 0.178571
8 0.080357 0.580357 0.151786 0.196429
8 0.176339 0.930804 0.218750 0.138393
8 0.040179 0.915179 0.071429 0.169643
8 0.089286 0.169643 0.169643 0.178571
8 0.051339 0.071429 0.093750 0.133929
