3 0.506696 0.517857 0.379464 0.437500
8 0.430804 0.243304 0.200893 0.165179
8 0.395089 0.167411 0.218750 0.147321
8 0.622768 0.082589 0.254464 0.156250
8 0.872768 0.216518 0.200893 0.218750
8 0.962054 0.071429 0.075893 0.133929
8 0.850446 0.433036 0.218750 0.214286
8 0.950893 0.546875 0.098214 0.245536
8 0.841518 0.899554 0.209821 0.200893
8 0.705357 0.966518 0.160714 0.066964
8 0.517857 0.910714 0.232143 0.178571
8 0.591518 0.837054 0.236607 0.174107
8 0.328125 0.783482 0.281250 0.227679
8 0.082589 0.857143 0.156250 0.223214
8 0.073661 0.633929 0.138393 0.205357
8 0.053571 0.406250 0.098214 0.196429
8 0.066964 0.305804 0.125000 0.218750
8 0.229911 0.290179 0.200893 0.196429
8 0.321429 0.062500 0.205357 0.116071
8 0.098214 0.075893 0.187500 0.142857
