3 0.488839 0.479911 0.406250 0.450893
3 0.705357 0.848214 0.089286 0.133929
8 0.171875 0.075893 0.218750 0.142857
8 0.049107 0.158482 0.089286 0.209821
8 0.926339 0.189732 0.147321 0.227679
8 0.906250 0.089286 0.187500 0.169643
8 0.732143 0.084821 0.187500 0.160714
8 0.544643 0.133929 0.196429 0.223214
8 0.368304 0.102679 0.200893 0.196429
8 0.279018 0.265625 0.245536 0.218750
8 0.156250 0.350446 0.223214 0.218750
8 0.049107 0.484375 0.089286 0.183036
8 0.133929 0.662946 0.196429 0.254464
8 0.238839 0.763393 0.183036 0.169643
8 0.078125 0.861607 0.147321 0.250000
8 0.225446 0.935268 0.209821 0.129464
8 0.468750 0.839286 0.160714 0.187500
8 0.627232 0.879464 0.236607 0.241071
8 0.457589 0.962054 0.174107 0.075893
8 0.881696 0.935268 0.218750 0.129464
8 0.959821 0.841518 0.080357 0.165179
8 0.859375 0.571429 0.218750 0.214286
8 0.845982 0.354911 0.236607 0.191964
