3 0.488839 0.500000 0.415179 0.392857
8 0.252232 0.267857 0.191964 0.214286
8 0.078125 0.129464 0.147321 0.250000
8 0.366071 0.087054 0.205357 0.165179
8 0.620536 0.098214 0.223214 0.187500
8 0.837054 0.370536 0.209821 0.178571
8 0.957589 0.383929 0.084821 0.187500
8 0.953125 0.707589 0.093750 0.227679
8 0.729911 0.709821 0.236607 0.241071
8 0.810268 0.921875 0.254464 0.156250
8 0.363839 0.908482 0.191964 0.183036
8 0.071429 0.857143 0.133929 0.205357
8 0.834821 0.154018 0.250000 0.200893
8 0.937500 0.031250 0.125000 0.053571
