3 0.522321 0.502232 0.419643 0.388393
3 0.332589 0.725446 0.111607 0.075893
3 0.279018 0.919643 0.075893 0.071429
8 0.145089 0.191964 0.183036 0.214286
8 0.229911 0.203125 0.174107 0.218750
8 0.325893 0.080357 0.232143 0.151786
8 0.714286 0.140625 0.178571 0.183036
8 0.906250 0.120536 0.187500 0.232143
8 0.810268 0.321429 0.183036 0.223214
8 0.814732 0.540179 0.218750 0.187500
8 0.955357 0.513393 0.089286 0.187500
8 0.553571 0.839286 0.223214 0.276786
8 0.455357 0.957589 0.187500 0.084821
8 0.127232 0.950893 0.183036 0.098214
8 0.109375 0.812500 0.209821 0.205357
