3 0.486607 0.520089 0.482143 0.415179
3 0.149554 0.767857 0.147321 0.116071
8 0.236607 0.292411 0.169643 0.209821
8 0.281250 0.214286 0.214286 0.205357
8 0.290179 0.053571 0.223214 0.098214
8 0.620536 0.165179 0.258929 0.205357
8 0.783482 0.363839 0.227679 0.245536
8 0.937500 0.488839 0.125000 0.236607
8 0.779018 0.611607 0.218750 0.250000
8 0.825893 0.091518 0.160714 0.156250
8 0.854911 0.051339 0.218750 0.093750
8 0.964286 0.149554 0.071429 0.200893
8 0.968750 0.738839 0.062500 0.183036
8 0.832589 0.888393 0.147321 0.223214
8 0.595982 0.917411 0.218750 0.165179
8 0.441964 0.801339 0.223214 0.183036
8 0.267857 0.676339 0.196429 0.191964
8 0.053571 0.575893 0.098214 0.196429
8 0.200893 0.890625 0.258929 0.200893
