3 0.531250 0.580357 0.455357 0.455357
8 0.337054 0.223214 0.191964 0.178571
8 0.526786 0.209821 0.223214 0.232143
8 0.703125 0.131696 0.209821 0.174107
8 0.859375 0.093750 0.183036 0.178571
8 0.113839 0.058036 0.218750 0.107143
8 0.089286 0.439732 0.169643 0.227679
8 0.044643 0.310268 0.080357 0.183036
8 0.283482 0.401786 0.200893 0.169643
8 0.254464 0.680804 0.196429 0.218750
8 0.109375 0.758929 0.209821 0.267857
8 0.160714 0.957589 0.196429 0.084821
8 0.488839 0.861607 0.218750 0.187500
8 0.729911 0.761161 0.209821 0.191964
8 0.770089 0.529018 0.183036 0.227679
8 0.745536 0.937500 0.187500 0.125000
