3 0.504464 0.504464 0.348214 0.366071
8 0.142857 0.234375 0.223214 0.200893
8 0.133929 0.066964 0.232143 0.125000
8 0.390625 0.131696 0.254464 0.218750
8 0.473214 0.026786 0.160714 0.044643
8 0.633929 0.107143 0.214286 0.178571
8 0.671875 0.046875 0.218750 0.084821
8 0.819196 0.176339 0.200893 0.245536
8 0.897321 0.109375 0.196429 0.209821
8 0.930804 0.339286 0.138393 0.267857
8 0.948661 0.609375 0.102679 0.236607
8 0.843750 0.736607 0.178571 0.214286
8 0.636161 0.738839 0.209821 0.218750
8 0.361607 0.758929 0.294643 0.205357
8 0.267857 0.558036 0.232143 0.214286
8 0.107143 0.640625 0.205357 0.183036
8 0.412946 0.928571 0.245536 0.142857
8 0.113839 0.950893 0.218750 0.098214
