3 0.500000 0.504464 0.357143 0.401786
8 0.459821 0.073661 0.241071 0.138393
8 0.698661 0.082589 0.218750 0.156250
8 0.904018 0.149554 0.191964 0.227679
8 0.796875 0.513393 0.200893 0.214286
8 0.937500 0.627232 0.125000 0.227679
8 0.772321 0.819196 0.223214 0.218750
8 0.725446 0.723214 0.191964 0.214286
8 0.392857 0.779018 0.223214 0.183036
8 0.154018 0.787946 0.218750 0.209821
8 0.194196 0.352679 0.236607 0.214286
8 0.140625 0.276786 0.218750 0.205357
8 0.044643 0.462054 0.080357 0.183036
8 0.294643 0.924107 0.232143 0.151786
8 0.084821 0.953125 0.160714 0.093750
