3 0.486607 0.477679 0.473214 0.419643
3 0.562500 0.736607 0.089286 0.053571
3 0.872768 0.334821 0.093750 0.125000
8 0.551339 0.078125 0.209821 0.147321
8 0.395089 0.165179 0.245536 0.223214
8 0.243304 0.102679 0.209821 0.196429
8 0.095982 0.029018 0.183036 0.049107
8 0.261161 0.337054 0.236607 0.227679
8 0.227679 0.582589 0.223214 0.245536
8 0.060268 0.598214 0.111607 0.232143
8 0.113839 0.906250 0.218750 0.187500
8 0.345982 0.881696 0.263393 0.236607
8 0.522321 0.850446 0.241071 0.254464
8 0.698661 0.767857 0.218750 0.232143
8 0.924107 0.535714 0.151786 0.303571
8 0.803571 0.464286 0.205357 0.223214
8 0.698661 0.301339 0.218750 0.191964
8 0.964286 0.310268 0.071429 0.165179
8 0.962054 0.142857 0.075893 0.205357
