3 0.497768 0.502232 0.486607 0.433036
8 0.888393 0.142857 0.223214 0.267857
8 0.930804 0.370536 0.138393 0.250000
8 0.854911 0.683036 0.191964 0.214286
8 0.801339 0.611607 0.227679 0.232143
8 0.959821 0.776786 0.080357 0.187500
8 0.649554 0.774554 0.245536 0.227679
8 0.752232 0.933036 0.227679 0.133929
8 0.535714 0.953125 0.232143 0.093750
8 0.410714 0.785714 0.250000 0.258929
8 0.131696 0.783482 0.236607 0.200893
8 0.158482 0.687500 0.218750 0.178571
8 0.042411 0.517857 0.075893 0.232143
8 0.187500 0.482143 0.205357 0.214286
8 0.189732 0.218750 0.245536 0.214286
8 0.147321 0.049107 0.241071 0.089286
8 0.100446 0.957589 0.191964 0.084821
