3 0.520089 0.560268 0.504464 0.593750
3 0.183036 0.928571 0.125000 0.071429
8 0.631696 0.200893 0.227679 0.214286
8 0.767857 0.359375 0.214286 0.227679
8 0.948661 0.392857 0.102679 0.214286
8 0.946429 0.167411 0.107143 0.209821
8 0.892857 0.040179 0.205357 0.071429
8 0.647321 0.053571 0.276786 0.098214
8 0.261161 0.129464 0.200893 0.232143
8 0.080357 0.042411 0.151786 0.075893
8 0.060268 0.218750 0.111607 0.169643
8 0.191964 0.370536 0.214286 0.250000
8 0.098214 0.459821 0.187500 0.250000
8 0.366071 0.861607 0.232143 0.223214
8 0.687500 0.883929 0.214286 0.232143
8 0.859375 0.870536 0.174107 0.241071
8 0.810268 0.647321 0.209821 0.223214
