3 0.517857 0.584821 0.419643 0.357143
8 0.305804 0.410714 0.191964 0.196429
8 0.486607 0.314732 0.223214 0.191964
8 0.649554 0.345982 0.218750 0.165179
8 0.767857 0.283482 0.187500 0.174107
8 0.883929 0.272321 0.178571 0.205357
8 0.930804 0.075893 0.138393 0.142857
8 0.683036 0.093750 0.241071 0.178571
8 0.120536 0.203125 0.232143 0.191964
8 0.149554 0.551339 0.200893 0.254464
8 0.066964 0.772321 0.125000 0.223214
8 0.299107 0.805804 0.214286 0.200893
8 0.642857 0.819196 0.205357 0.200893
8 0.872768 0.886161 0.227679 0.218750
8 0.910714 0.654018 0.178571 0.218750
8 0.250000 0.968750 0.214286 0.062500
