3 0.500000 0.549107 0.357143 0.401786
8 0.689732 0.149554 0.191964 0.165179
8 0.946429 0.220982 0.107143 0.209821
8 0.910714 0.046875 0.178571 0.084821
8 0.658482 0.022321 0.200893 0.035714
8 0.564732 0.299107 0.200893 0.169643
8 0.756696 0.426339 0.200893 0.183036
8 0.752232 0.582589 0.165179 0.245536
8 0.883929 0.799107 0.187500 0.196429
8 0.899554 0.578125 0.183036 0.209821
8 0.705357 0.750000 0.187500 0.160714
8 0.589286 0.912946 0.214286 0.138393
8 0.595982 0.957589 0.165179 0.084821
8 0.861607 0.973214 0.187500 0.053571
8 0.361607 0.935268 0.205357 0.129464
8 0.140625 0.912946 0.183036 0.174107
8 0.236607 0.723214 0.232143 0.205357
8 0.071429 0.761161 0.133929 0.191964
8 0.051339 0.703125 0.093750 0.174107
8 0.071429 0.383929 0.133929 0.205357
8 0.060268 0.261161 0.111607 0.191964
8 0.276786 0.386161 0.205357 0.191964
8 0.484375 0.111607 0.191964 0.178571
8 0.281250 0.087054 0.214286 0.165179
8 0.073661 0.084821 0.138393 0.160714
