3 0.502232 0.526786 0.424107 0.419643
8 0.433036 0.218750 0.303571 0.232143
8 0.129464 0.229911 0.241071 0.218750
8 0.129464 0.037946 0.187500 0.066964
8 0.339286 0.062500 0.223214 0.116071
8 0.627232 0.051339 0.218750 0.093750
8 0.837054 0.109375 0.236607 0.209821
8 0.772321 0.448661 0.196429 0.209821
8 0.841518 0.071429 0.174107 0.133929
8 0.825893 0.397321 0.196429 0.214286
8 0.919643 0.421875 0.160714 0.209821
8 0.187500 0.522321 0.187500 0.232143
8 0.198661 0.428571 0.183036 0.169643
8 0.707589 0.776786 0.200893 0.232143
8 0.803571 0.687500 0.241071 0.241071
8 0.660714 0.848214 0.250000 0.223214
8 0.926339 0.814732 0.147321 0.156250
8 0.912946 0.921875 0.174107 0.156250
8 0.314732 0.910714 0.254464 0.178571
8 0.113839 0.761161 0.218750 0.218750
8 0.062500 0.953125 0.116071 0.093750
