3 0.504464 0.500000 0.366071 0.375000
8 0.591518 0.196429 0.174107 0.223214
8 0.852679 0.343750 0.223214 0.196429
8 0.790179 0.526786 0.178571 0.232143
8 0.968750 0.520089 0.062500 0.200893
8 0.529018 0.799107 0.227679 0.196429
8 0.310268 0.828125 0.218750 0.227679
8 0.180804 0.714286 0.183036 0.205357
8 0.035714 0.680804 0.062500 0.165179
8 0.118304 0.948661 0.200893 0.102679
8 0.466518 0.953125 0.191964 0.093750
8 0.084821 0.504464 0.160714 0.205357
8 0.037946 0.281250 0.066964 0.205357
8 0.187500 0.290179 0.232143 0.241071
8 0.314732 0.095982 0.272321 0.156250
8 0.194196 0.066964 0.209821 0.125000
8 0.723214 0.029018 0.169643 0.049107
