3 0.502232 0.562500 0.388393 0.383929
3 0.080357 0.587054 0.080357 0.084821
8 0.618304 0.272321 0.200893 0.214286
8 0.794643 0.437500 0.187500 0.187500
8 0.946429 0.348214 0.107143 0.196429
8 0.819196 0.227679 0.191964 0.187500
8 0.926339 0.073661 0.147321 0.138393
8 0.919643 0.845982 0.160714 0.174107
8 0.223214 0.725446 0.223214 0.209821
8 0.069196 0.823661 0.129464 0.191964
8 0.274554 0.399554 0.165179 0.209821
8 0.113839 0.265625 0.209821 0.183036
8 0.368304 0.241071 0.263393 0.160714
8 0.234375 0.093750 0.200893 0.160714
8 0.069196 0.046875 0.129464 0.084821
