3 0.500000 0.511161 0.437500 0.477679
8 0.524554 0.191964 0.200893 0.196429
8 0.772321 0.189732 0.205357 0.183036
8 0.910714 0.107143 0.178571 0.196429
8 0.395089 0.058036 0.236607 0.107143
8 0.162946 0.064732 0.245536 0.120536
8 0.084821 0.250000 0.160714 0.232143
8 0.122768 0.584821 0.191964 0.196429
8 0.241071 0.678571 0.214286 0.267857
8 0.200893 0.888393 0.187500 0.223214
8 0.075893 0.908482 0.142857 0.183036
8 0.823661 0.901786 0.263393 0.196429
8 0.720982 0.745536 0.174107 0.196429
8 0.602679 0.750000 0.142857 0.151786
8 0.794643 0.562500 0.178571 0.232143
8 0.926339 0.584821 0.147321 0.196429
