3 0.508929 0.529018 0.357143 0.370536
8 0.169643 0.428571 0.232143 0.196429
8 0.073661 0.638393 0.138393 0.214286
8 0.263393 0.698661 0.196429 0.254464
8 0.455357 0.805804 0.232143 0.165179
8 0.718750 0.756696 0.169643 0.227679
8 0.825893 0.571429 0.241071 0.142857
8 0.935268 0.444196 0.129464 0.245536
8 0.977679 0.665179 0.044643 0.142857
8 0.939732 0.966518 0.120536 0.066964
8 0.042411 0.843750 0.075893 0.160714
8 0.167411 0.118304 0.174107 0.227679
8 0.341518 0.089286 0.156250 0.169643
8 0.633929 0.203125 0.241071 0.174107
8 0.837054 0.098214 0.236607 0.187500
8 0.964286 0.200893 0.071429 0.133929
8 0.616071 0.053571 0.232143 0.098214
