3 0.497768 0.524554 0.388393 0.397321
8 0.270089 0.319196 0.191964 0.209821
8 0.395089 0.245536 0.200893 0.196429
8 0.558036 0.111607 0.223214 0.214286
8 0.209821 0.035714 0.214286 0.062500
8 0.082589 0.151786 0.156250 0.214286
8 0.080357 0.388393 0.151786 0.205357
8 0.174107 0.591518 0.241071 0.200893
8 0.238839 0.703125 0.209821 0.191964
8 0.308036 0.868304 0.196429 0.227679
8 0.424107 0.966518 0.223214 0.066964
8 0.118304 0.910714 0.218750 0.178571
8 0.073661 0.881696 0.138393 0.236607
8 0.776786 0.408482 0.196429 0.218750
8 0.845982 0.551339 0.183036 0.218750
8 0.937500 0.399554 0.125000 0.236607
8 0.917411 0.169643 0.165179 0.205357
8 0.921875 0.767857 0.156250 0.223214
8 0.941964 0.685268 0.116071 0.191964
8 0.805804 0.935268 0.191964 0.129464
8 0.941964 0.955357 0.116071 0.089286
