3 0.500000 0.504464 0.410714 0.392857
8 0.200893 0.375000 0.196429 0.196429
8 0.089286 0.343750 0.169643 0.250000
8 0.160714 0.573661 0.205357 0.200893
8 0.082589 0.593750 0.156250 0.214286
8 0.136161 0.801339 0.218750 0.183036
8 0.051339 0.912946 0.093750 0.174107
8 0.482143 0.796875 0.187500 0.191964
8 0.669643 0.703125 0.196429 0.174107
8 0.707589 0.921875 0.191964 0.156250
8 0.854911 0.774554 0.200893 0.183036
8 0.899554 0.573661 0.200893 0.174107
8 0.848214 0.482143 0.178571 0.196429
8 0.714286 0.497768 0.125000 0.272321
8 0.944196 0.303571 0.111607 0.187500
8 0.899554 0.102679 0.200893 0.196429
8 0.703125 0.102679 0.191964 0.196429
8 0.562500 0.026786 0.178571 0.044643
8 0.537946 0.243304 0.218750 0.191964
