3 0.495536 0.500000 0.401786 0.392857
8 0.234375 0.495536 0.165179 0.258929
8 0.270089 0.850446 0.263393 0.218750
8 0.705357 0.895089 0.232143 0.209821
8 0.919643 0.890625 0.160714 0.218750
8 0.968750 0.662946 0.062500 0.218750
8 0.803571 0.622768 0.232143 0.227679
8 0.687500 0.209821 0.250000 0.205357
8 0.890625 0.109375 0.218750 0.209821
8 0.587054 0.051339 0.227679 0.093750
8 0.466518 0.042411 0.191964 0.075893
8 0.328125 0.098214 0.191964 0.187500
8 0.120536 0.064732 0.232143 0.120536
8 0.104911 0.292411 0.200893 0.227679
