3 0.486607 0.491071 0.366071 0.321429
8 0.415179 0.180804 0.232143 0.236607
8 0.265625 0.071429 0.218750 0.133929
8 0.095982 0.138393 0.183036 0.214286
8 0.209821 0.462054 0.232143 0.236607
8 0.051339 0.408482 0.093750 0.200893
8 0.812500 0.133929 0.258929 0.187500
8 0.785714 0.301339 0.187500 0.236607
8 0.696429 0.283482 0.178571 0.120536
8 0.910714 0.493304 0.178571 0.254464
8 0.767857 0.602679 0.214286 0.196429
8 0.879464 0.857143 0.196429 0.160714
8 0.939732 0.933036 0.120536 0.133929
8 0.732143 0.962054 0.196429 0.075893
8 0.678571 0.810268 0.241071 0.174107
8 0.477679 0.915179 0.223214 0.169643
8 0.285714 0.859375 0.285714 0.281250
8 0.122768 0.758929 0.236607 0.187500
8 0.970982 0.299107 0.058036 0.142857
