4 0.502232 0.513393 0.477679 0.517857
8 0.265625 0.308036 0.200893 0.187500
8 0.223214 0.131696 0.250000 0.183036
8 0.312500 0.024554 0.187500 0.040179
8 0.504464 0.073661 0.187500 0.138393
8 0.698661 0.082589 0.218750 0.156250
8 0.839286 0.261161 0.205357 0.254464
8 0.854911 0.542411 0.227679 0.200893
8 0.870536 0.872768 0.232143 0.227679
8 0.651786 0.823661 0.214286 0.245536
8 0.357143 0.772321 0.232143 0.232143
8 0.189732 0.593750 0.147321 0.241071
8 0.084821 0.589286 0.160714 0.232143
8 0.149554 0.875000 0.218750 0.250000
8 0.107143 0.939732 0.205357 0.120536
8 0.482143 0.930804 0.276786 0.138393
