4 0.383929 0.140625 0.089286 0.075893
4 0.482143 0.508929 0.419643 0.357143
8 0.111607 0.392857 0.214286 0.205357
8 0.167411 0.600446 0.236607 0.218750
8 0.095982 0.781250 0.183036 0.205357
8 0.265625 0.814732 0.245536 0.218750
8 0.506696 0.767857 0.254464 0.205357
8 0.564732 0.924107 0.209821 0.151786
8 0.261161 0.935268 0.218750 0.129464
8 0.750000 0.941964 0.196429 0.116071
8 0.946429 0.625000 0.107143 0.196429
8 0.792411 0.390625 0.299107 0.263393
8 0.857143 0.147321 0.267857 0.223214
8 0.944196 0.191964 0.111607 0.232143
8 0.767857 0.060268 0.214286 0.111607
8 0.522321 0.109375 0.196429 0.183036
