4 0.515625 0.511161 0.522321 0.763393
8 0.042411 0.147321 0.075893 0.187500
8 0.133929 0.042411 0.196429 0.075893
8 0.267857 0.031250 0.196429 0.053571
8 0.370536 0.133929 0.232143 0.214286
8 0.676339 0.069196 0.200893 0.129464
8 0.765625 0.133929 0.191964 0.178571
8 0.950893 0.120536 0.098214 0.196429
8 0.879464 0.330357 0.196429 0.187500
8 0.883929 0.542411 0.223214 0.209821
8 0.808036 0.839286 0.214286 0.232143
8 0.930804 0.939732 0.138393 0.120536
8 0.625000 0.930804 0.205357 0.138393
8 0.377232 0.950893 0.183036 0.098214
8 0.203125 0.805804 0.218750 0.200893
8 0.053571 0.895089 0.098214 0.209821
8 0.180804 0.584821 0.200893 0.196429
8 0.084821 0.397321 0.160714 0.205357
8 0.236607 0.319196 0.205357 0.209821
