4 0.500000 0.457589 0.375000 0.683036
8 0.703125 0.263393 0.236607 0.285714
8 0.868304 0.100446 0.183036 0.174107
8 0.901786 0.203125 0.187500 0.209821
8 0.863839 0.444196 0.236607 0.236607
8 0.787946 0.558036 0.227679 0.196429
8 0.870536 0.745536 0.250000 0.214286
8 0.921875 0.774554 0.156250 0.245536
8 0.761161 0.919643 0.218750 0.160714
8 0.493304 0.877232 0.272321 0.200893
8 0.236607 0.908482 0.214286 0.183036
8 0.107143 0.537946 0.205357 0.227679
8 0.198661 0.569196 0.200893 0.290179
8 0.245536 0.328125 0.223214 0.209821
8 0.095982 0.223214 0.183036 0.205357
8 0.154018 0.104911 0.236607 0.200893
8 0.399554 0.087054 0.245536 0.165179
