4 0.497768 0.506696 0.406250 0.415179
8 0.808036 0.093750 0.232143 0.178571
8 0.928571 0.151786 0.142857 0.232143
8 0.707589 0.258929 0.200893 0.196429
8 0.823661 0.517857 0.165179 0.196429
8 0.908482 0.441964 0.183036 0.223214
8 0.870536 0.816964 0.223214 0.169643
8 0.723214 0.716518 0.205357 0.209821
8 0.901786 0.944196 0.196429 0.111607
8 0.616071 0.899554 0.196429 0.200893
8 0.415179 0.852679 0.214286 0.178571
8 0.457589 0.977679 0.138393 0.044643
8 0.279018 0.946429 0.191964 0.107143
8 0.100446 0.908482 0.191964 0.183036
8 0.100446 0.683036 0.191964 0.250000
8 0.283482 0.694196 0.183036 0.200893
8 0.189732 0.482143 0.209821 0.214286
8 0.044643 0.464286 0.080357 0.205357
8 0.091518 0.247768 0.174107 0.218750
8 0.281250 0.299107 0.196429 0.214286
8 0.439732 0.165179 0.200893 0.214286
8 0.238839 0.095982 0.200893 0.183036
8 0.073661 0.069196 0.138393 0.129464
8 0.593750 0.055804 0.214286 0.102679
