4 0.506696 0.488839 0.379464 0.415179
8 0.303571 0.236607 0.196429 0.178571
8 0.207589 0.399554 0.236607 0.263393
8 0.046875 0.256696 0.084821 0.245536
8 0.258929 0.685268 0.178571 0.191964
8 0.386161 0.816964 0.200893 0.232143
8 0.569196 0.908482 0.183036 0.165179
8 0.763393 0.814732 0.223214 0.209821
8 0.957589 0.816964 0.084821 0.178571
8 0.781250 0.966518 0.160714 0.066964
8 0.843750 0.395089 0.223214 0.209821
8 0.792411 0.169643 0.227679 0.267857
8 0.957589 0.102679 0.084821 0.178571
8 0.301339 0.024554 0.236607 0.040179
