4 0.506696 0.504464 0.459821 0.428571
8 0.189732 0.174107 0.227679 0.241071
8 0.078125 0.281250 0.147321 0.223214
8 0.053571 0.066964 0.098214 0.125000
8 0.205357 0.428571 0.187500 0.232143
8 0.049107 0.560268 0.089286 0.200893
8 0.216518 0.685268 0.218750 0.227679
8 0.330357 0.832589 0.232143 0.200893
8 0.479911 0.816964 0.191964 0.223214
8 0.772321 0.645089 0.223214 0.218750
8 0.832589 0.754464 0.191964 0.214286
8 0.968750 0.781250 0.062500 0.214286
8 0.955357 0.957589 0.089286 0.084821
8 0.774554 0.939732 0.218750 0.120536
8 0.450893 0.973214 0.223214 0.053571
8 0.176339 0.926339 0.183036 0.147321
8 0.053571 0.863839 0.098214 0.183036
8 0.495536 0.142857 0.214286 0.241071
8 0.549107 0.035714 0.241071 0.062500
8 0.292411 0.026786 0.200893 0.044643
8 0.756696 0.142857 0.218750 0.223214
8 0.919643 0.053571 0.160714 0.098214
8 0.941964 0.234375 0.116071 0.236607
8 0.834821 0.424107 0.214286 0.241071
