4 0.493304 0.502232 0.495536 0.406250
8 0.801339 0.348214 0.254464 0.250000
8 0.906250 0.169643 0.187500 0.205357
8 0.950893 0.433036 0.098214 0.187500
8 0.921875 0.627232 0.156250 0.218750
8 0.955357 0.044643 0.089286 0.080357
8 0.761161 0.026786 0.200893 0.044643
8 0.707589 0.727679 0.254464 0.232143
8 0.404018 0.863839 0.254464 0.183036
8 0.263393 0.700893 0.232143 0.223214
8 0.109375 0.542411 0.209821 0.236607
8 0.194196 0.113839 0.245536 0.218750
8 0.044643 0.098214 0.080357 0.187500
8 0.082589 0.933036 0.156250 0.133929
