4 0.493304 0.591518 0.486607 0.540179
8 0.450893 0.243304 0.178571 0.200893
8 0.421875 0.174107 0.236607 0.178571
8 0.651786 0.274554 0.250000 0.218750
8 0.899554 0.261161 0.200893 0.209821
8 0.921875 0.091518 0.156250 0.174107
8 0.924107 0.464286 0.151786 0.223214
8 0.854911 0.716518 0.209821 0.236607
8 0.904018 0.912946 0.191964 0.174107
8 0.734375 0.955357 0.183036 0.089286
8 0.209821 0.910714 0.205357 0.178571
8 0.127232 0.948661 0.191964 0.102679
8 0.042411 0.962054 0.075893 0.075893
8 0.122768 0.475446 0.174107 0.227679
8 0.042411 0.457589 0.075893 0.209821
8 0.129464 0.258929 0.214286 0.214286
8 0.040179 0.098214 0.071429 0.187500
8 0.642857 0.051339 0.223214 0.093750
8 0.747768 0.042411 0.165179 0.075893
