4 0.504464 0.504464 0.562500 0.544643
8 0.372768 0.109375 0.218750 0.165179
8 0.323661 0.051339 0.200893 0.093750
8 0.109375 0.073661 0.209821 0.138393
8 0.091518 0.274554 0.174107 0.200893
8 0.138393 0.462054 0.187500 0.227679
8 0.089286 0.689732 0.169643 0.218750
8 0.158482 0.767857 0.183036 0.214286
8 0.533482 0.839286 0.236607 0.196429
8 0.542411 0.962054 0.200893 0.075893
8 0.723214 0.915179 0.187500 0.169643
8 0.812500 0.743304 0.205357 0.218750
8 0.921875 0.901786 0.156250 0.196429
8 0.852679 0.232143 0.196429 0.187500
8 0.828125 0.419643 0.245536 0.187500
8 0.910714 0.580357 0.178571 0.187500
8 0.977679 0.194196 0.044643 0.156250
8 0.703125 0.071429 0.254464 0.133929
8 0.908482 0.029018 0.174107 0.049107
