4 0.495536 0.508929 0.330357 0.357143
8 0.250000 0.323661 0.241071 0.245536
8 0.169643 0.555804 0.205357 0.218750
8 0.093750 0.506696 0.178571 0.191964
8 0.258929 0.803571 0.258929 0.258929
8 0.479911 0.843750 0.209821 0.232143
8 0.839286 0.622768 0.205357 0.236607
8 0.899554 0.714286 0.200893 0.223214
8 0.866071 0.448661 0.205357 0.227679
8 0.968750 0.564732 0.062500 0.191964
8 0.783482 0.120536 0.236607 0.232143
8 0.933036 0.049107 0.133929 0.089286
8 0.424107 0.042411 0.232143 0.075893
8 0.156250 0.066964 0.250000 0.125000
8 0.053571 0.174107 0.098214 0.250000
8 0.069196 0.796875 0.129464 0.218750
