4 0.419643 0.287946 0.107143 0.084821
4 0.506696 0.524554 0.522321 0.575893
8 0.752232 0.187500 0.218750 0.160714
8 0.783482 0.392857 0.174107 0.241071
8 0.921875 0.285714 0.156250 0.285714
8 0.944196 0.535714 0.111607 0.223214
8 0.959821 0.732143 0.080357 0.196429
8 0.854911 0.044643 0.245536 0.080357
8 0.770089 0.712054 0.209821 0.227679
8 0.535714 0.859375 0.267857 0.174107
8 0.506696 0.964286 0.191964 0.071429
8 0.323661 0.930804 0.200893 0.138393
8 0.122768 0.888393 0.227679 0.214286
8 0.169643 0.555804 0.223214 0.245536
8 0.258929 0.171875 0.214286 0.209821
8 0.281250 0.035714 0.214286 0.062500
8 0.073661 0.158482 0.138393 0.209821
