4 0.491071 0.504464 0.517857 0.508929
8 0.707589 0.138393 0.245536 0.214286
8 0.890625 0.261161 0.218750 0.263393
8 0.854911 0.424107 0.209821 0.232143
8 0.966518 0.546875 0.066964 0.218750
8 0.834821 0.665179 0.258929 0.223214
8 0.792411 0.946429 0.174107 0.107143
8 0.935268 0.926339 0.129464 0.147321
8 0.636161 0.845982 0.245536 0.254464
8 0.486607 0.861607 0.205357 0.241071
8 0.310268 0.750000 0.218750 0.196429
8 0.169643 0.761161 0.214286 0.218750
8 0.292411 0.917411 0.200893 0.165179
8 0.122768 0.924107 0.236607 0.151786
8 0.098214 0.558036 0.187500 0.241071
8 0.189732 0.328125 0.209821 0.209821
8 0.095982 0.223214 0.183036 0.196429
8 0.093750 0.084821 0.169643 0.160714
8 0.354911 0.149554 0.245536 0.200893
8 0.546875 0.022321 0.138393 0.035714
8 0.745536 0.024554 0.187500 0.040179
8 0.944196 0.035714 0.111607 0.062500
