4 0.506696 0.506696 0.433036 0.397321
4 0.765625 0.334821 0.093750 0.080357
8 0.381696 0.113839 0.245536 0.218750
8 0.075893 0.216518 0.142857 0.236607
8 0.078125 0.368304 0.147321 0.254464
8 0.171875 0.560268 0.227679 0.245536
8 0.220982 0.359375 0.209821 0.272321
8 0.062500 0.703125 0.116071 0.209821
8 0.084821 0.946429 0.160714 0.107143
8 0.395089 0.908482 0.290179 0.183036
8 0.729911 0.955357 0.183036 0.089286
8 0.919643 0.948661 0.160714 0.102679
8 0.890625 0.781250 0.209821 0.214286
8 0.912946 0.669643 0.174107 0.223214
8 0.959821 0.216518 0.080357 0.200893
8 0.892857 0.075893 0.214286 0.142857
