4 0.495536 0.495536 0.562500 0.508929
8 0.212054 0.270089 0.209821 0.227679
8 0.109375 0.107143 0.209821 0.196429
8 0.095982 0.508929 0.183036 0.214286
8 0.149554 0.687500 0.174107 0.205357
8 0.082589 0.720982 0.156250 0.227679
8 0.325893 0.792411 0.250000 0.183036
8 0.707589 0.781250 0.183036 0.178571
8 0.910714 0.870536 0.178571 0.241071
8 0.883929 0.660714 0.205357 0.205357
8 0.883929 0.421875 0.205357 0.236607
8 0.968750 0.517857 0.062500 0.178571
8 0.859375 0.214286 0.227679 0.169643
8 0.966518 0.174107 0.066964 0.205357
8 0.484375 0.959821 0.191964 0.080357
8 0.180804 0.973214 0.191964 0.053571
