4 0.502232 0.526786 0.441964 0.500000
4 0.839286 0.267857 0.071429 0.089286
8 0.196429 0.122768 0.223214 0.236607
8 0.426339 0.145089 0.209821 0.191964
8 0.649554 0.180804 0.209821 0.209821
8 0.901786 0.102679 0.196429 0.196429
8 0.919643 0.406250 0.160714 0.241071
8 0.948661 0.546875 0.102679 0.218750
8 0.814732 0.506696 0.191964 0.236607
8 0.756696 0.667411 0.218750 0.236607
8 0.928571 0.779018 0.142857 0.254464
8 0.680804 0.912946 0.209821 0.174107
8 0.245536 0.774554 0.250000 0.245536
8 0.229911 0.611607 0.174107 0.223214
8 0.245536 0.941964 0.214286 0.116071
8 0.073661 0.944196 0.138393 0.111607
8 0.040179 0.816964 0.071429 0.214286
8 0.113839 0.328125 0.218750 0.227679
