4 0.529018 0.515625 0.450893 0.424107
8 0.553571 0.142857 0.223214 0.241071
8 0.910714 0.207589 0.178571 0.218750
8 0.950893 0.453125 0.098214 0.245536
8 0.812500 0.406250 0.187500 0.241071
8 0.879464 0.033482 0.196429 0.058036
8 0.274554 0.104911 0.227679 0.200893
8 0.095982 0.040179 0.183036 0.071429
8 0.104911 0.216518 0.200893 0.200893
8 0.095982 0.542411 0.183036 0.263393
8 0.035714 0.750000 0.062500 0.196429
8 0.218750 0.725446 0.223214 0.209821
8 0.223214 0.888393 0.241071 0.223214
8 0.421875 0.810268 0.200893 0.227679
8 0.685268 0.799107 0.218750 0.205357
8 0.825893 0.743304 0.223214 0.218750
8 0.904018 0.819196 0.191964 0.209821
