4 0.504464 0.526786 0.455357 0.437500
8 0.287946 0.214286 0.209821 0.205357
8 0.102679 0.328125 0.196429 0.200893
8 0.127232 0.084821 0.218750 0.160714
8 0.334821 0.035714 0.196429 0.062500
8 0.535714 0.136161 0.196429 0.227679
8 0.756696 0.138393 0.218750 0.232143
8 0.953125 0.238839 0.093750 0.245536
8 0.796875 0.363839 0.236607 0.218750
8 0.941964 0.676339 0.116071 0.227679
8 0.783482 0.694196 0.191964 0.218750
8 0.799107 0.912946 0.205357 0.174107
8 0.564732 0.901786 0.245536 0.196429
8 0.198661 0.850446 0.254464 0.191964
8 0.241071 0.716518 0.241071 0.200893
8 0.162946 0.508929 0.227679 0.196429
8 0.044643 0.904018 0.080357 0.191964
