4 0.500000 0.502232 0.419643 0.424107
8 0.598214 0.138393 0.214286 0.223214
8 0.372768 0.078125 0.254464 0.147321
8 0.189732 0.209821 0.218750 0.205357
8 0.203125 0.339286 0.245536 0.178571
8 0.169643 0.542411 0.196429 0.183036
8 0.216518 0.761161 0.245536 0.227679
8 0.183036 0.950893 0.214286 0.098214
8 0.037946 0.645089 0.066964 0.183036
8 0.037946 0.160714 0.066964 0.205357
8 0.466518 0.921875 0.245536 0.156250
8 0.571429 0.761161 0.267857 0.191964
8 0.799107 0.821429 0.205357 0.241071
8 0.946429 0.698661 0.107143 0.236607
8 0.830357 0.524554 0.223214 0.236607
8 0.837054 0.283482 0.236607 0.218750
8 0.819196 0.082589 0.254464 0.156250
