4 0.493304 0.493304 0.459821 0.558036
8 0.357143 0.102679 0.223214 0.196429
8 0.113839 0.089286 0.218750 0.169643
8 0.035714 0.256696 0.062500 0.209821
8 0.167411 0.343750 0.227679 0.241071
8 0.546875 0.082589 0.227679 0.156250
8 0.654018 0.042411 0.245536 0.075893
8 0.888393 0.220982 0.223214 0.227679
8 0.808036 0.412946 0.250000 0.218750
8 0.901786 0.642857 0.196429 0.241071
8 0.772321 0.761161 0.196429 0.218750
8 0.843750 0.935268 0.187500 0.129464
8 0.937500 0.941964 0.125000 0.116071
8 0.562500 0.939732 0.232143 0.120536
8 0.404018 0.859375 0.245536 0.209821
8 0.252232 0.678571 0.218750 0.250000
8 0.113839 0.770089 0.218750 0.245536
8 0.049107 0.685268 0.089286 0.254464
