4 0.479911 0.580357 0.593750 0.482143
8 0.200893 0.299107 0.232143 0.250000
8 0.412946 0.225446 0.245536 0.227679
8 0.622768 0.069196 0.227679 0.129464
8 0.785714 0.194196 0.241071 0.236607
8 0.901786 0.421875 0.187500 0.281250
8 0.970982 0.281250 0.058036 0.187500
8 0.939732 0.716518 0.120536 0.227679
8 0.776786 0.886161 0.214286 0.227679
8 0.549107 0.921875 0.241071 0.156250
8 0.136161 0.828125 0.209821 0.218750
8 0.098214 0.970982 0.187500 0.058036
8 0.091518 0.551339 0.174107 0.290179
8 0.060268 0.073661 0.111607 0.138393
8 0.214286 0.029018 0.205357 0.049107
