4 0.504464 0.495536 0.375000 0.410714
4 0.651786 0.044643 0.089286 0.071429
4 0.948661 0.582589 0.102679 0.165179
8 0.546875 0.154018 0.227679 0.209821
8 0.805804 0.075893 0.218750 0.142857
8 0.970982 0.142857 0.058036 0.169643
8 0.330357 0.214286 0.187500 0.214286
8 0.254464 0.116071 0.196429 0.223214
8 0.078125 0.118304 0.147321 0.227679
8 0.082589 0.459821 0.156250 0.232143
8 0.236607 0.729911 0.196429 0.209821
8 0.162946 0.832589 0.191964 0.174107
8 0.401786 0.839286 0.169643 0.223214
8 0.417411 0.953125 0.218750 0.093750
8 0.564732 0.854911 0.156250 0.209821
8 0.705357 0.705357 0.196429 0.196429
8 0.890625 0.685268 0.174107 0.236607
8 0.950893 0.770089 0.098214 0.200893
8 0.783482 0.897321 0.218750 0.205357
8 0.924107 0.962054 0.151786 0.075893
8 0.109375 0.957589 0.209821 0.084821
