4 0.517857 0.508929 0.500000 0.607143
8 0.238839 0.167411 0.227679 0.227679
8 0.060268 0.111607 0.111607 0.214286
8 0.120536 0.375000 0.232143 0.285714
8 0.069196 0.506696 0.129464 0.245536
8 0.055804 0.906250 0.102679 0.187500
8 0.223214 0.892857 0.196429 0.214286
8 0.366071 0.962054 0.160714 0.075893
8 0.555804 0.912946 0.200893 0.174107
8 0.745536 0.886161 0.232143 0.227679
8 0.915179 0.946429 0.169643 0.107143
8 0.919643 0.712054 0.160714 0.281250
8 0.857143 0.524554 0.232143 0.200893
8 0.750000 0.372768 0.241071 0.200893
8 0.975446 0.370536 0.049107 0.151786
8 0.950893 0.162946 0.098214 0.245536
8 0.839286 0.080357 0.160714 0.151786
8 0.667411 0.051339 0.209821 0.093750
8 0.524554 0.131696 0.209821 0.254464
8 0.276786 0.029018 0.232143 0.049107
