4 0.508929 0.526786 0.508929 0.553571
8 0.691964 0.189732 0.223214 0.209821
8 0.339286 0.133929 0.205357 0.214286
8 0.350446 0.058036 0.209821 0.107143
8 0.109375 0.095982 0.200893 0.183036
8 0.080357 0.044643 0.151786 0.080357
8 0.178571 0.316964 0.223214 0.214286
8 0.031250 0.352679 0.053571 0.214286
8 0.294643 0.716518 0.196429 0.218750
8 0.252232 0.854911 0.236607 0.209821
8 0.066964 0.825893 0.125000 0.232143
8 0.098214 0.948661 0.187500 0.102679
8 0.598214 0.810268 0.258929 0.191964
8 0.825893 0.852679 0.241071 0.223214
8 0.544643 0.953125 0.232143 0.093750
8 0.810268 0.379464 0.254464 0.187500
8 0.872768 0.526786 0.191964 0.214286
8 0.953125 0.535714 0.093750 0.214286
