4 0.502232 0.502232 0.450893 0.406250
8 0.174107 0.292411 0.258929 0.236607
8 0.098214 0.089286 0.187500 0.169643
8 0.040179 0.256696 0.071429 0.209821
8 0.058036 0.504464 0.107143 0.214286
8 0.084821 0.752232 0.160714 0.227679
8 0.390625 0.843750 0.254464 0.258929
8 0.616071 0.819196 0.205357 0.218750
8 0.674107 0.910714 0.258929 0.178571
8 0.919643 0.825893 0.160714 0.187500
8 0.953125 0.729911 0.093750 0.165179
8 0.787946 0.667411 0.236607 0.200893
8 0.906250 0.466518 0.187500 0.227679
8 0.910714 0.229911 0.178571 0.227679
8 0.821429 0.084821 0.241071 0.160714
8 0.584821 0.162946 0.258929 0.209821
