4 0.491071 0.542411 0.410714 0.352679
4 0.060268 0.627232 0.093750 0.102679
8 0.444196 0.174107 0.200893 0.205357
8 0.234375 0.111607 0.236607 0.214286
8 0.250000 0.379464 0.214286 0.196429
8 0.205357 0.584821 0.232143 0.178571
8 0.095982 0.845982 0.183036 0.236607
8 0.417411 0.868304 0.236607 0.209821
8 0.837054 0.761161 0.209821 0.191964
8 0.921875 0.904018 0.156250 0.191964
8 0.877232 0.546875 0.209821 0.227679
8 0.774554 0.325893 0.218750 0.223214
8 0.821429 0.053571 0.214286 0.098214
8 0.935268 0.154018 0.129464 0.191964
