4 0.107143 0.738839 0.089286 0.058036
4 0.763393 0.486607 0.098214 0.080357
4 0.484375 0.484375 0.477679 0.477679
8 0.558036 0.122768 0.214286 0.183036
8 0.745536 0.042411 0.223214 0.075893
8 0.926339 0.053571 0.147321 0.098214
8 0.944196 0.225446 0.111607 0.200893
8 0.966518 0.397321 0.066964 0.169643
8 0.828125 0.337054 0.191964 0.200893
8 0.863839 0.540179 0.236607 0.232143
8 0.953125 0.683036 0.093750 0.205357
8 0.845982 0.861607 0.263393 0.241071
8 0.636161 0.946429 0.200893 0.107143
8 0.354911 0.819196 0.209821 0.183036
8 0.234375 0.803571 0.183036 0.187500
8 0.055804 0.939732 0.102679 0.120536
8 0.078125 0.571429 0.147321 0.232143
8 0.169643 0.363839 0.232143 0.236607
8 0.026786 0.368304 0.044643 0.174107
