4 0.395089 0.078125 0.441964 0.147321
4 0.482143 0.562500 0.607143 0.544643
8 0.555804 0.209821 0.227679 0.169643
8 0.412946 0.198661 0.218750 0.174107
8 0.660714 0.080357 0.205357 0.151786
8 0.848214 0.314732 0.241071 0.191964
8 0.941964 0.247768 0.116071 0.227679
8 0.924107 0.044643 0.151786 0.080357
8 0.875000 0.508929 0.223214 0.205357
8 0.939732 0.674107 0.120536 0.258929
8 0.910714 0.906250 0.178571 0.187500
8 0.718750 0.839286 0.294643 0.223214
8 0.761161 0.946429 0.200893 0.107143
8 0.178571 0.667411 0.250000 0.236607
8 0.078125 0.493304 0.147321 0.174107
8 0.156250 0.381696 0.258929 0.200893
