4 0.491071 0.531250 0.464286 0.401786
4 0.328125 0.859375 0.111607 0.102679
8 0.250000 0.256696 0.205357 0.218750
8 0.120536 0.410714 0.232143 0.232143
8 0.162946 0.633929 0.183036 0.223214
8 0.122768 0.727679 0.236607 0.178571
8 0.073661 0.953125 0.138393 0.093750
8 0.428571 0.888393 0.223214 0.142857
8 0.428571 0.946429 0.214286 0.107143
8 0.625000 0.926339 0.178571 0.147321
8 0.821429 0.933036 0.205357 0.133929
8 0.689732 0.745536 0.245536 0.223214
8 0.919643 0.627232 0.160714 0.209821
8 0.919643 0.484375 0.160714 0.209821
8 0.926339 0.263393 0.147321 0.205357
8 0.895089 0.180804 0.209821 0.227679
8 0.703125 0.238839 0.227679 0.236607
8 0.520089 0.149554 0.183036 0.218750
8 0.370536 0.064732 0.232143 0.120536
8 0.656250 0.035714 0.241071 0.062500
8 0.120536 0.053571 0.232143 0.098214
