4 0.479911 0.515625 0.566964 0.531250
8 0.412946 0.160714 0.200893 0.214286
8 0.584821 0.069196 0.250000 0.129464
8 0.857143 0.080357 0.232143 0.151786
8 0.805804 0.250000 0.236607 0.214286
8 0.861607 0.437500 0.214286 0.214286
8 0.939732 0.613839 0.120536 0.200893
8 0.973214 0.339286 0.053571 0.178571
8 0.169643 0.140625 0.258929 0.227679
8 0.055804 0.102679 0.102679 0.196429
8 0.062500 0.350446 0.116071 0.227679
8 0.145089 0.555804 0.254464 0.236607
8 0.044643 0.658482 0.080357 0.209821
8 0.185268 0.895089 0.156250 0.209821
8 0.368304 0.879464 0.218750 0.205357
8 0.584821 0.821429 0.258929 0.187500
8 0.698661 0.935268 0.245536 0.129464
