4 0.299107 0.232143 0.133929 0.062500
4 0.191964 0.448661 0.080357 0.084821
4 0.401786 0.270089 0.089286 0.084821
4 0.513393 0.064732 0.330357 0.120536
4 0.506696 0.508929 0.424107 0.392857
8 0.683036 0.189732 0.250000 0.227679
8 0.812500 0.040179 0.223214 0.071429
8 0.814732 0.526786 0.200893 0.196429
8 0.892857 0.651786 0.214286 0.232143
8 0.843750 0.897321 0.214286 0.205357
8 0.613839 0.754464 0.227679 0.205357
8 0.441964 0.955357 0.223214 0.089286
8 0.383929 0.801339 0.223214 0.200893
8 0.656250 0.977679 0.178571 0.044643
8 0.171875 0.685268 0.236607 0.236607
8 0.091518 0.419643 0.174107 0.276786
8 0.209821 0.372768 0.205357 0.245536
