4 0.502232 0.508929 0.477679 0.464286
4 0.852679 0.678571 0.107143 0.062500
4 0.140625 0.397321 0.093750 0.071429
8 0.281250 0.256696 0.232143 0.227679
8 0.071429 0.136161 0.133929 0.218750
8 0.037946 0.279018 0.066964 0.218750
8 0.098214 0.488839 0.187500 0.200893
8 0.084821 0.691964 0.160714 0.223214
8 0.044643 0.912946 0.080357 0.174107
8 0.183036 0.946429 0.223214 0.107143
8 0.428571 0.839286 0.223214 0.223214
8 0.642857 0.787946 0.214286 0.191964
8 0.593750 0.953125 0.241071 0.093750
8 0.866071 0.944196 0.214286 0.111607
8 0.962054 0.814732 0.075893 0.209821
8 0.979911 0.587054 0.040179 0.147321
8 0.870536 0.477679 0.223214 0.223214
8 0.732143 0.187500 0.223214 0.232143
8 0.928571 0.218750 0.142857 0.258929
8 0.502232 0.151786 0.245536 0.205357
8 0.638393 0.040179 0.196429 0.071429
