4 0.506696 0.526786 0.424107 0.428571
8 0.111607 0.113839 0.187500 0.200893
8 0.073661 0.305804 0.138393 0.183036
8 0.229911 0.390625 0.183036 0.200893
8 0.073661 0.522321 0.138393 0.214286
8 0.216518 0.607143 0.183036 0.205357
8 0.169643 0.870536 0.196429 0.205357
8 0.533482 0.825893 0.254464 0.196429
8 0.727679 0.883929 0.142857 0.232143
8 0.912946 0.879464 0.165179 0.241071
8 0.962054 0.616071 0.075893 0.160714
8 0.794643 0.421875 0.205357 0.218750
8 0.607143 0.140625 0.232143 0.183036
8 0.517857 0.026786 0.169643 0.044643
