4 0.491071 0.488839 0.526786 0.593750
8 0.616071 0.845982 0.250000 0.227679
8 0.841518 0.845982 0.209821 0.227679
8 0.926339 0.848214 0.147321 0.196429
8 0.959821 0.629464 0.080357 0.196429
8 0.825893 0.558036 0.223214 0.250000
8 0.897321 0.337054 0.196429 0.218750
8 0.819196 0.169643 0.245536 0.232143
8 0.941964 0.051339 0.116071 0.093750
8 0.515625 0.060268 0.272321 0.111607
8 0.169643 0.107143 0.276786 0.187500
8 0.040179 0.040179 0.071429 0.071429
8 0.151786 0.316964 0.232143 0.241071
8 0.066964 0.486607 0.125000 0.214286
8 0.069196 0.707589 0.129464 0.191964
8 0.250000 0.794643 0.241071 0.196429
8 0.359375 0.935268 0.218750 0.129464
8 0.243304 0.970982 0.254464 0.058036
