4 0.524554 0.522321 0.549107 0.633929
4 0.031250 0.627232 0.053571 0.120536
8 0.187500 0.209821 0.196429 0.214286
8 0.337054 0.104911 0.227679 0.200893
8 0.055804 0.292411 0.102679 0.209821
8 0.189732 0.573661 0.183036 0.200893
8 0.169643 0.683036 0.205357 0.205357
8 0.136161 0.908482 0.227679 0.183036
8 0.410714 0.906250 0.258929 0.187500
8 0.687500 0.792411 0.187500 0.227679
8 0.794643 0.776786 0.205357 0.187500
8 0.937500 0.881696 0.125000 0.236607
8 0.917411 0.620536 0.165179 0.214286
8 0.848214 0.417411 0.214286 0.183036
8 0.933036 0.176339 0.133929 0.191964
