4 0.448661 0.497768 0.531250 0.700893
4 0.705357 0.774554 0.089286 0.084821
8 0.287946 0.174107 0.209821 0.205357
8 0.091518 0.131696 0.174107 0.209821
8 0.341518 0.031250 0.209821 0.053571
8 0.569196 0.022321 0.200893 0.035714
8 0.636161 0.158482 0.218750 0.218750
8 0.866071 0.196429 0.214286 0.214286
8 0.861607 0.399554 0.232143 0.156250
8 0.915179 0.602679 0.169643 0.241071
8 0.792411 0.620536 0.200893 0.223214
8 0.950893 0.839286 0.098214 0.187500
8 0.665179 0.908482 0.223214 0.183036
8 0.426339 0.941964 0.227679 0.116071
8 0.359375 0.674107 0.191964 0.205357
8 0.142857 0.714286 0.223214 0.214286
8 0.098214 0.524554 0.187500 0.245536
8 0.142857 0.370536 0.223214 0.223214
8 0.924107 0.049107 0.151786 0.089286
8 0.187500 0.919643 0.241071 0.160714
