4 0.477679 0.515625 0.491071 0.486607
8 0.151786 0.183036 0.214286 0.205357
8 0.566964 0.160714 0.187500 0.196429
8 0.781250 0.229911 0.232143 0.236607
8 0.953125 0.254464 0.093750 0.241071
8 0.839286 0.462054 0.196429 0.209821
8 0.928571 0.729911 0.142857 0.209821
8 0.803571 0.870536 0.187500 0.205357
8 0.604911 0.772321 0.254464 0.196429
8 0.957589 0.915179 0.084821 0.169643
8 0.459821 0.935268 0.258929 0.129464
8 0.256696 0.696429 0.191964 0.223214
8 0.145089 0.879464 0.209821 0.223214
8 0.024554 0.834821 0.040179 0.142857
8 0.037946 0.587054 0.066964 0.200893
8 0.176339 0.493304 0.191964 0.218750
8 0.093750 0.401786 0.178571 0.187500
8 0.359375 0.033482 0.165179 0.058036
8 0.113839 0.015625 0.147321 0.022321
