4 0.750000 0.589286 0.151786 0.098214
4 0.500000 0.493304 0.446429 0.433036
8 0.207589 0.366071 0.218750 0.214286
8 0.183036 0.609375 0.232143 0.245536
8 0.046875 0.462054 0.084821 0.218750
8 0.078125 0.837054 0.147321 0.236607
8 0.205357 0.823661 0.151786 0.191964
8 0.301339 0.796875 0.156250 0.191964
8 0.343750 0.944196 0.250000 0.111607
8 0.754464 0.870536 0.214286 0.258929
8 0.935268 0.908482 0.129464 0.183036
8 0.970982 0.720982 0.058036 0.183036
8 0.854911 0.591518 0.227679 0.272321
8 0.926339 0.397321 0.147321 0.214286
8 0.716518 0.274554 0.272321 0.227679
8 0.477679 0.162946 0.241071 0.236607
8 0.176339 0.129464 0.254464 0.250000
8 0.685268 0.082589 0.218750 0.156250
8 0.892857 0.069196 0.214286 0.129464
