4 0.542411 0.495536 0.647321 0.732143
8 0.109375 0.223214 0.209821 0.178571
8 0.250000 0.352679 0.241071 0.232143
8 0.446429 0.100446 0.250000 0.191964
8 0.095982 0.060268 0.183036 0.111607
8 0.691964 0.122768 0.205357 0.227679
8 0.899554 0.104911 0.200893 0.200893
8 0.933036 0.345982 0.133929 0.227679
8 0.910714 0.622768 0.178571 0.218750
8 0.939732 0.825893 0.120536 0.187500
8 0.790179 0.725446 0.214286 0.218750
8 0.598214 0.964286 0.178571 0.071429
8 0.433036 0.890625 0.250000 0.218750
8 0.209821 0.892857 0.187500 0.214286
8 0.060268 0.810268 0.111607 0.218750
8 0.066964 0.580357 0.125000 0.223214
8 0.156250 0.573661 0.187500 0.227679
8 0.265625 0.629464 0.191964 0.214286
