4 0.508929 0.506696 0.446429 0.468750
4 0.727679 0.169643 0.107143 0.125000
8 0.285714 0.227679 0.214286 0.241071
8 0.165179 0.069196 0.258929 0.129464
8 0.060268 0.241071 0.111607 0.223214
8 0.042411 0.379464 0.075893 0.223214
8 0.194196 0.441964 0.209821 0.214286
8 0.122768 0.647321 0.236607 0.205357
8 0.185268 0.866071 0.209821 0.214286
8 0.397321 0.854911 0.205357 0.254464
8 0.613839 0.906250 0.236607 0.187500
8 0.899554 0.937500 0.200893 0.125000
8 0.926339 0.741071 0.147321 0.196429
8 0.752232 0.656250 0.227679 0.285714
8 0.944196 0.515625 0.111607 0.227679
8 0.823661 0.348214 0.245536 0.205357
8 0.950893 0.209821 0.098214 0.196429
8 0.857143 0.066964 0.276786 0.125000
8 0.573661 0.116071 0.236607 0.223214
8 0.404018 0.073661 0.200893 0.138393
