4 0.513393 0.500000 0.526786 0.625000
8 0.102679 0.281250 0.196429 0.223214
8 0.261161 0.180804 0.236607 0.218750
8 0.196429 0.426339 0.267857 0.281250
8 0.062500 0.109375 0.116071 0.209821
8 0.611607 0.136161 0.214286 0.218750
8 0.779018 0.256696 0.183036 0.245536
8 0.895089 0.495536 0.209821 0.241071
8 0.930804 0.279018 0.138393 0.245536
8 0.937500 0.084821 0.125000 0.160714
8 0.814732 0.638393 0.174107 0.250000
8 0.477679 0.863839 0.312500 0.200893
8 0.299107 0.948661 0.232143 0.102679
8 0.118304 0.834821 0.227679 0.241071
