4 0.455357 0.477679 0.714286 0.741071
8 0.620536 0.098214 0.223214 0.187500
8 0.843750 0.145089 0.187500 0.183036
8 0.845982 0.412946 0.183036 0.236607
8 0.910714 0.573661 0.178571 0.200893
8 0.955357 0.343750 0.089286 0.205357
8 0.194196 0.375000 0.227679 0.223214
8 0.084821 0.441964 0.160714 0.250000
8 0.078125 0.165179 0.147321 0.232143
8 0.337054 0.194196 0.209821 0.200893
8 0.254464 0.049107 0.241071 0.089286
8 0.263393 0.738839 0.214286 0.236607
8 0.136161 0.910714 0.209821 0.178571
8 0.053571 0.904018 0.098214 0.191964
8 0.339286 0.930804 0.205357 0.138393
8 0.546875 0.901786 0.209821 0.196429
8 0.745536 0.906250 0.196429 0.187500
8 0.910714 0.812500 0.178571 0.205357
8 0.970982 0.953125 0.058036 0.093750
8 0.026786 0.687500 0.044643 0.133929
