4 0.484375 0.491071 0.397321 0.464286
4 0.910714 0.819196 0.089286 0.102679
8 0.694196 0.171875 0.227679 0.183036
8 0.790179 0.357143 0.178571 0.169643
8 0.957589 0.343750 0.084821 0.187500
8 0.915179 0.087054 0.169643 0.165179
8 0.609375 0.042411 0.245536 0.075893
8 0.243304 0.029018 0.191964 0.049107
8 0.075893 0.120536 0.142857 0.196429
8 0.194196 0.395089 0.209821 0.263393
8 0.064732 0.363839 0.120536 0.227679
8 0.066964 0.633929 0.125000 0.196429
8 0.832589 0.654018 0.183036 0.174107
8 0.765625 0.705357 0.174107 0.223214
8 0.578125 0.812500 0.209821 0.232143
8 0.352679 0.843750 0.214286 0.196429
8 0.241071 0.680804 0.178571 0.183036
8 0.200893 0.962054 0.187500 0.075893
8 0.046875 0.941964 0.084821 0.116071
