4 0.479911 0.500000 0.593750 0.571429
8 0.191964 0.415179 0.196429 0.267857
8 0.049107 0.439732 0.089286 0.236607
8 0.116071 0.671875 0.205357 0.200893
8 0.303571 0.881696 0.214286 0.236607
8 0.450893 0.803571 0.303571 0.232143
8 0.758929 0.752232 0.187500 0.218750
8 0.926339 0.738839 0.147321 0.227679
8 0.828125 0.540179 0.200893 0.232143
8 0.975446 0.513393 0.049107 0.205357
8 0.912946 0.220982 0.174107 0.236607
8 0.774554 0.111607 0.218750 0.214286
8 0.584821 0.125000 0.196429 0.241071
8 0.390625 0.095982 0.183036 0.183036
8 0.180804 0.075893 0.218750 0.142857
8 0.104911 0.919643 0.200893 0.160714
8 0.486607 0.970982 0.187500 0.058036
