4 0.515625 0.511161 0.459821 0.674107
4 0.593750 0.122768 0.116071 0.102679
8 0.680804 0.093750 0.218750 0.178571
8 0.410714 0.095982 0.258929 0.183036
8 0.191964 0.194196 0.241071 0.227679
8 0.087054 0.071429 0.165179 0.133929
8 0.071429 0.495536 0.133929 0.223214
8 0.209821 0.426339 0.223214 0.254464
8 0.129464 0.747768 0.205357 0.236607
8 0.341518 0.868304 0.209821 0.245536
8 0.196429 0.957589 0.187500 0.084821
8 0.042411 0.937500 0.075893 0.125000
8 0.674107 0.843750 0.232143 0.196429
8 0.808036 0.758929 0.205357 0.258929
8 0.959821 0.658482 0.080357 0.245536
8 0.770089 0.462054 0.209821 0.245536
8 0.772321 0.225446 0.241071 0.209821
8 0.946429 0.316964 0.107143 0.232143
