4 0.488839 0.491071 0.602679 0.544643
4 0.794643 0.046875 0.116071 0.084821
8 0.252232 0.142857 0.209821 0.223214
8 0.245536 0.263393 0.214286 0.223214
8 0.073661 0.261161 0.138393 0.272321
8 0.118304 0.433036 0.183036 0.214286
8 0.042411 0.470982 0.075893 0.183036
8 0.095982 0.636161 0.183036 0.200893
8 0.207589 0.640625 0.200893 0.236607
8 0.350446 0.790179 0.209821 0.196429
8 0.187500 0.890625 0.241071 0.200893
8 0.053571 0.875000 0.098214 0.196429
8 0.551339 0.825893 0.218750 0.214286
8 0.720982 0.908482 0.236607 0.183036
8 0.758929 0.720982 0.196429 0.200893
8 0.926339 0.743304 0.147321 0.227679
8 0.924107 0.933036 0.151786 0.133929
8 0.870536 0.470982 0.187500 0.236607
8 0.982143 0.366071 0.035714 0.178571
8 0.899554 0.145089 0.200893 0.218750
8 0.962054 0.154018 0.075893 0.200893
8 0.727679 0.232143 0.196429 0.250000
8 0.417411 0.031250 0.183036 0.053571
