4 0.508929 0.517857 0.410714 0.642857
8 0.196429 0.783482 0.187500 0.218750
8 0.205357 0.962054 0.151786 0.075893
8 0.337054 0.937500 0.183036 0.125000
8 0.540179 0.944196 0.196429 0.111607
8 0.779018 0.877232 0.254464 0.245536
8 0.984375 0.937500 0.031250 0.125000
8 0.850446 0.366071 0.174107 0.214286
8 0.877232 0.468750 0.236607 0.232143
8 0.774554 0.131696 0.272321 0.254464
8 0.553571 0.069196 0.232143 0.129464
8 0.205357 0.236607 0.258929 0.214286
8 0.100446 0.071429 0.191964 0.133929
8 0.160714 0.439732 0.196429 0.218750
8 0.073661 0.383929 0.138393 0.214286
