4 0.504464 0.506696 0.410714 0.415179
8 0.091518 0.185268 0.174107 0.272321
8 0.066964 0.348214 0.125000 0.294643
8 0.258929 0.296875 0.187500 0.227679
8 0.301339 0.060268 0.218750 0.111607
8 0.694196 0.207589 0.209821 0.236607
8 0.901786 0.294643 0.196429 0.250000
8 0.966518 0.089286 0.066964 0.169643
8 0.837054 0.542411 0.236607 0.245536
8 0.520089 0.870536 0.254464 0.250000
8 0.312500 0.803571 0.223214 0.214286
8 0.053571 0.848214 0.098214 0.205357
8 0.037946 0.732143 0.066964 0.142857
8 0.118304 0.964286 0.183036 0.071429
