4 0.511161 0.486607 0.477679 0.491071
8 0.562500 0.071429 0.241071 0.133929
8 0.899554 0.149554 0.200893 0.174107
8 0.944196 0.301339 0.111607 0.174107
8 0.966518 0.504464 0.066964 0.169643
8 0.895089 0.671875 0.183036 0.254464
8 0.703125 0.705357 0.209821 0.232143
8 0.912946 0.912946 0.174107 0.174107
8 0.808036 0.372768 0.214286 0.218750
8 0.424107 0.185268 0.196429 0.174107
8 0.330357 0.227679 0.196429 0.187500
8 0.247768 0.095982 0.290179 0.183036
8 0.107143 0.361607 0.205357 0.214286
8 0.040179 0.305804 0.071429 0.245536
8 0.185268 0.546875 0.191964 0.218750
8 0.151786 0.720982 0.169643 0.156250
8 0.162946 0.910714 0.254464 0.178571
8 0.493304 0.841518 0.236607 0.218750
