4 0.488839 0.506696 0.406250 0.424107
8 0.703125 0.198661 0.218750 0.191964
8 0.868304 0.089286 0.191964 0.169643
8 0.946429 0.236607 0.107143 0.169643
8 0.917411 0.299107 0.165179 0.169643
8 0.839286 0.453125 0.223214 0.191964
8 0.977679 0.506696 0.044643 0.183036
8 0.959821 0.683036 0.080357 0.151786
8 0.743304 0.665179 0.209821 0.205357
8 0.908482 0.919643 0.183036 0.160714
8 0.618304 0.859375 0.218750 0.200893
8 0.705357 0.899554 0.178571 0.191964
8 0.395089 0.910714 0.245536 0.169643
8 0.254464 0.843750 0.187500 0.187500
8 0.238839 0.649554 0.209821 0.218750
8 0.082589 0.738839 0.156250 0.209821
8 0.071429 0.935268 0.133929 0.129464
8 0.040179 0.506696 0.071429 0.183036
8 0.087054 0.303571 0.165179 0.187500
8 0.049107 0.745536 0.089286 0.196429
8 0.294643 0.263393 0.214286 0.169643
8 0.350446 0.191964 0.227679 0.205357
8 0.209821 0.042411 0.205357 0.075893
