4 0.486607 0.517857 0.428571 0.446429
8 0.767857 0.104911 0.223214 0.200893
8 0.953125 0.095982 0.093750 0.183036
8 0.939732 0.334821 0.120536 0.214286
8 0.970982 0.455357 0.058036 0.187500
8 0.756696 0.330357 0.183036 0.214286
8 0.582589 0.207589 0.227679 0.200893
8 0.457589 0.075893 0.245536 0.142857
8 0.084821 0.062500 0.160714 0.116071
8 0.305804 0.234375 0.200893 0.191964
8 0.091518 0.252232 0.174107 0.254464
8 0.149554 0.493304 0.209821 0.209821
8 0.263393 0.683036 0.223214 0.223214
8 0.397321 0.821429 0.250000 0.196429
8 0.636161 0.792411 0.209821 0.191964
8 0.812500 0.620536 0.160714 0.285714
8 0.928571 0.754464 0.133929 0.232143
8 0.799107 0.904018 0.241071 0.191964
8 0.549107 0.935268 0.250000 0.129464
8 0.104911 0.808036 0.200893 0.214286
