4 0.493304 0.540179 0.406250 0.437500
4 0.285714 0.886161 0.053571 0.075893
8 0.495536 0.055804 0.241071 0.102679
8 0.720982 0.147321 0.209821 0.214286
8 0.821429 0.084821 0.241071 0.160714
8 0.953125 0.167411 0.093750 0.236607
8 0.953125 0.421875 0.093750 0.236607
8 0.774554 0.370536 0.218750 0.232143
8 0.819196 0.636161 0.218750 0.227679
8 0.968750 0.671875 0.062500 0.227679
8 0.926339 0.868304 0.147321 0.209821
8 0.743304 0.781250 0.236607 0.250000
8 0.587054 0.908482 0.218750 0.183036
8 0.227679 0.718750 0.241071 0.223214
8 0.185268 0.571429 0.209821 0.196429
8 0.053571 0.470982 0.098214 0.227679
8 0.064732 0.765625 0.120536 0.218750
8 0.156250 0.919643 0.196429 0.160714
8 0.122768 0.292411 0.200893 0.209821
8 0.339286 0.252232 0.223214 0.218750
8 0.171875 0.098214 0.200893 0.187500
8 0.247768 0.062500 0.236607 0.116071
8 0.053571 0.064732 0.098214 0.120536
