4 0.517857 0.504464 0.517857 0.562500
4 0.140625 0.477679 0.183036 0.133929
4 0.196429 0.087054 0.089286 0.075893
8 0.323661 0.162946 0.183036 0.191964
8 0.522321 0.118304 0.187500 0.227679
8 0.714286 0.151786 0.196429 0.214286
8 0.825893 0.037946 0.214286 0.066964
8 0.859375 0.368304 0.200893 0.209821
8 0.886161 0.564732 0.191964 0.174107
8 0.957589 0.712054 0.084821 0.191964
8 0.763393 0.794643 0.250000 0.250000
8 0.584821 0.888393 0.294643 0.196429
8 0.439732 0.770089 0.245536 0.209821
8 0.225446 0.720982 0.218750 0.209821
8 0.265625 0.524554 0.174107 0.272321
8 0.125000 0.209821 0.178571 0.214286
8 0.069196 0.350446 0.129464 0.174107
8 0.049107 0.883929 0.089286 0.169643
8 0.276786 0.912946 0.241071 0.174107
8 0.910714 0.970982 0.178571 0.058036
