4 0.508929 0.495536 0.491071 0.455357
4 0.138393 0.250000 0.196429 0.151786
8 0.587054 0.131696 0.245536 0.254464
8 0.388393 0.093750 0.178571 0.178571
8 0.185268 0.066964 0.209821 0.125000
8 0.247768 0.250000 0.236607 0.223214
8 0.861607 0.345982 0.267857 0.227679
8 0.892857 0.555804 0.214286 0.200893
8 0.959821 0.707589 0.080357 0.209821
8 0.946429 0.919643 0.107143 0.160714
8 0.714286 0.674107 0.214286 0.232143
8 0.712054 0.906250 0.236607 0.187500
8 0.491071 0.810268 0.241071 0.191964
8 0.328125 0.729911 0.227679 0.183036
8 0.100446 0.600446 0.191964 0.236607
8 0.062500 0.810268 0.116071 0.218750
8 0.071429 0.964286 0.133929 0.071429
8 0.968750 0.071429 0.062500 0.133929
