4 0.526786 0.524554 0.562500 0.575893
4 0.299107 0.031250 0.098214 0.053571
8 0.892857 0.220982 0.214286 0.236607
8 0.937500 0.441964 0.125000 0.232143
8 0.803571 0.564732 0.187500 0.236607
8 0.767857 0.651786 0.187500 0.223214
8 0.946429 0.725446 0.107143 0.254464
8 0.850446 0.953125 0.191964 0.093750
8 0.680804 0.870536 0.227679 0.205357
8 0.537946 0.970982 0.191964 0.058036
8 0.424107 0.872768 0.241071 0.191964
8 0.214286 0.915179 0.196429 0.169643
8 0.089286 0.743304 0.169643 0.218750
8 0.044643 0.935268 0.080357 0.129464
8 0.136161 0.504464 0.218750 0.241071
8 0.113839 0.332589 0.218750 0.200893
8 0.258929 0.160714 0.223214 0.223214
8 0.084821 0.098214 0.160714 0.187500
8 0.642857 0.209821 0.258929 0.205357
8 0.620536 0.037946 0.214286 0.066964
8 0.888393 0.049107 0.187500 0.089286
