4 0.491071 0.517857 0.517857 0.535714
8 0.265625 0.154018 0.218750 0.218750
8 0.091518 0.227679 0.174107 0.214286
8 0.084821 0.037946 0.160714 0.066964
8 0.158482 0.410714 0.200893 0.241071
8 0.131696 0.656250 0.254464 0.250000
8 0.363839 0.850446 0.290179 0.183036
8 0.763393 0.912946 0.223214 0.174107
8 0.732143 0.687500 0.223214 0.250000
8 0.915179 0.613839 0.169643 0.218750
8 0.848214 0.381696 0.250000 0.227679
8 0.801339 0.171875 0.254464 0.218750
8 0.665179 0.120536 0.232143 0.232143
8 0.921875 0.058036 0.156250 0.107143
8 0.542411 0.024554 0.200893 0.040179
