4 0.546875 0.500000 0.450893 0.553571
8 0.770089 0.187500 0.227679 0.223214
8 0.607143 0.082589 0.214286 0.156250
8 0.888393 0.064732 0.223214 0.120536
8 0.904018 0.754464 0.191964 0.241071
8 0.662946 0.841518 0.200893 0.200893
8 0.321429 0.868304 0.223214 0.200893
8 0.156250 0.723214 0.214286 0.223214
8 0.091518 0.758929 0.174107 0.223214
8 0.062500 0.540179 0.116071 0.223214
8 0.174107 0.345982 0.258929 0.183036
8 0.252232 0.263393 0.209821 0.187500
8 0.051339 0.136161 0.093750 0.227679
8 0.178571 0.062500 0.250000 0.116071
