4 0.491071 0.508929 0.375000 0.562500
8 0.196429 0.470982 0.196429 0.227679
8 0.064732 0.299107 0.120536 0.223214
8 0.082589 0.214286 0.156250 0.178571
8 0.245536 0.247768 0.151786 0.209821
8 0.274554 0.078125 0.227679 0.147321
8 0.051339 0.055804 0.093750 0.102679
8 0.506696 0.069196 0.218750 0.129464
8 0.680804 0.127232 0.209821 0.174107
8 0.895089 0.185268 0.209821 0.218750
8 0.959821 0.578125 0.080357 0.147321
8 0.964286 0.678571 0.071429 0.178571
8 0.970982 0.866071 0.058036 0.133929
8 0.680804 0.953125 0.209821 0.093750
8 0.238839 0.877232 0.227679 0.191964
8 0.049107 0.870536 0.089286 0.160714
8 0.051339 0.651786 0.093750 0.232143
