4 0.491071 0.500000 0.508929 0.678571
8 0.714286 0.180804 0.205357 0.218750
8 0.779018 0.399554 0.165179 0.165179
8 0.919643 0.296875 0.160714 0.200893
8 0.866071 0.613839 0.214286 0.209821
8 0.832589 0.841518 0.191964 0.236607
8 0.957589 0.924107 0.084821 0.151786
8 0.658482 0.908482 0.165179 0.174107
8 0.466518 0.939732 0.218750 0.120536
8 0.120536 0.924107 0.232143 0.151786
8 0.033482 0.808036 0.058036 0.178571
8 0.080357 0.477679 0.151786 0.214286
8 0.283482 0.220982 0.209821 0.218750
8 0.508929 0.100446 0.187500 0.191964
8 0.292411 0.049107 0.227679 0.089286
8 0.109375 0.118304 0.209821 0.227679
