4 0.497768 0.504464 0.415179 0.419643
8 0.129464 0.399554 0.250000 0.209821
8 0.089286 0.622768 0.169643 0.227679
8 0.084821 0.866071 0.160714 0.267857
8 0.375000 0.919643 0.250000 0.160714
8 0.629464 0.895089 0.205357 0.200893
8 0.785714 0.774554 0.232143 0.227679
8 0.955357 0.888393 0.089286 0.160714
8 0.930804 0.370536 0.138393 0.205357
8 0.794643 0.343750 0.196429 0.232143
8 0.703125 0.158482 0.218750 0.245536
8 0.892857 0.053571 0.214286 0.098214
8 0.560268 0.037946 0.209821 0.066964
8 0.350446 0.160714 0.218750 0.232143
8 0.069196 0.118304 0.129464 0.227679
