4 0.506696 0.508929 0.450893 0.553571
8 0.214286 0.165179 0.196429 0.205357
8 0.383929 0.046875 0.196429 0.084821
8 0.169643 0.035714 0.214286 0.062500
8 0.044643 0.093750 0.080357 0.178571
8 0.125000 0.345982 0.214286 0.227679
8 0.203125 0.660714 0.227679 0.250000
8 0.189732 0.881696 0.218750 0.236607
8 0.062500 0.758929 0.116071 0.250000
8 0.502232 0.897321 0.245536 0.205357
8 0.779018 0.825893 0.227679 0.196429
8 0.803571 0.953125 0.241071 0.093750
8 0.779018 0.620536 0.209821 0.267857
8 0.937500 0.752232 0.125000 0.254464
8 0.944196 0.265625 0.111607 0.272321
8 0.763393 0.216518 0.258929 0.218750
8 0.618304 0.102679 0.254464 0.196429
8 0.843750 0.091518 0.205357 0.174107
