4 0.533482 0.520089 0.504464 0.504464
8 0.584821 0.125000 0.214286 0.223214
8 0.808036 0.165179 0.223214 0.232143
8 0.912946 0.343750 0.174107 0.205357
8 0.955357 0.071429 0.089286 0.133929
8 0.839286 0.531250 0.232143 0.276786
8 0.877232 0.845982 0.245536 0.245536
8 0.622768 0.819196 0.254464 0.200893
8 0.700893 0.955357 0.241071 0.089286
8 0.370536 0.854911 0.241071 0.191964
8 0.127232 0.930804 0.245536 0.138393
8 0.053571 0.683036 0.098214 0.258929
8 0.196429 0.651786 0.223214 0.232143
8 0.140625 0.424107 0.209821 0.205357
8 0.122768 0.225446 0.236607 0.209821
8 0.200893 0.062500 0.232143 0.116071
8 0.049107 0.055804 0.089286 0.102679
