4 0.524554 0.535714 0.593750 0.544643
8 0.814732 0.441964 0.200893 0.258929
8 0.926339 0.678571 0.147321 0.214286
8 0.953125 0.404018 0.093750 0.218750
8 0.736607 0.696429 0.250000 0.250000
8 0.803571 0.897321 0.223214 0.196429
8 0.424107 0.848214 0.276786 0.133929
8 0.466518 0.964286 0.299107 0.071429
8 0.093750 0.700893 0.178571 0.258929
8 0.145089 0.535714 0.227679 0.187500
8 0.033482 0.437500 0.058036 0.160714
8 0.136161 0.337054 0.236607 0.191964
8 0.062500 0.154018 0.116071 0.191964
8 0.183036 0.084821 0.214286 0.160714
8 0.363839 0.125000 0.209821 0.241071
8 0.549107 0.154018 0.223214 0.290179
8 0.714286 0.095982 0.241071 0.183036
