4 0.491071 0.488839 0.517857 0.531250
8 0.250000 0.691964 0.241071 0.241071
8 0.104911 0.803571 0.200893 0.285714
8 0.091518 0.482143 0.174107 0.223214
8 0.200893 0.354911 0.214286 0.254464
8 0.477679 0.178571 0.267857 0.205357
8 0.825893 0.531250 0.187500 0.250000
8 0.962054 0.589286 0.075893 0.205357
8 0.904018 0.752232 0.174107 0.200893
8 0.953125 0.935268 0.093750 0.129464
8 0.823661 0.935268 0.236607 0.129464
8 0.732143 0.796875 0.187500 0.236607
8 0.582589 0.808036 0.200893 0.214286
8 0.395089 0.843750 0.227679 0.250000
