4 0.506696 0.513393 0.531250 0.455357
8 0.553571 0.165179 0.232143 0.223214
8 0.772321 0.129464 0.223214 0.214286
8 0.839286 0.357143 0.258929 0.241071
8 0.944196 0.406250 0.111607 0.214286
8 0.970982 0.078125 0.058036 0.147321
8 0.363839 0.084821 0.236607 0.160714
8 0.100446 0.154018 0.191964 0.191964
8 0.241071 0.310268 0.205357 0.218750
8 0.100446 0.377232 0.191964 0.245536
8 0.055804 0.037946 0.102679 0.066964
8 0.075893 0.640625 0.142857 0.263393
8 0.323661 0.763393 0.263393 0.241071
8 0.595982 0.821429 0.209821 0.214286
8 0.799107 0.732143 0.196429 0.223214
8 0.939732 0.890625 0.120536 0.200893
8 0.390625 0.975446 0.191964 0.049107
8 0.189732 0.924107 0.218750 0.151786
