4 0.493304 0.497768 0.379464 0.549107
4 0.662946 0.823661 0.093750 0.084821
8 0.261161 0.247768 0.218750 0.191964
8 0.765625 0.312500 0.174107 0.250000
8 0.843750 0.263393 0.187500 0.241071
8 0.979911 0.232143 0.040179 0.214286
8 0.908482 0.053571 0.183036 0.098214
8 0.714286 0.033482 0.187500 0.058036
8 0.158482 0.459821 0.209821 0.214286
8 0.029018 0.406250 0.049107 0.187500
8 0.051339 0.689732 0.093750 0.218750
8 0.200893 0.734375 0.205357 0.183036
8 0.379464 0.866071 0.223214 0.205357
8 0.305804 0.939732 0.209821 0.120536
8 0.098214 0.924107 0.187500 0.151786
8 0.589286 0.953125 0.223214 0.093750
8 0.700893 0.825893 0.250000 0.196429
8 0.904018 0.888393 0.191964 0.223214
8 0.881696 0.669643 0.209821 0.187500
