4 0.508929 0.488839 0.366071 0.361607
4 0.475446 0.734375 0.138393 0.084821
8 0.294643 0.694196 0.241071 0.236607
8 0.488839 0.859375 0.200893 0.200893
8 0.712054 0.819196 0.200893 0.218750
8 0.946429 0.919643 0.107143 0.160714
8 0.966518 0.529018 0.066964 0.209821
8 0.783482 0.470982 0.209821 0.227679
8 0.801339 0.412946 0.209821 0.236607
8 0.718750 0.238839 0.321429 0.200893
8 0.511161 0.185268 0.245536 0.209821
8 0.495536 0.033482 0.223214 0.058036
8 0.066964 0.060268 0.125000 0.111607
8 0.084821 0.263393 0.160714 0.241071
8 0.084821 0.504464 0.160714 0.232143
8 0.082589 0.727679 0.156250 0.223214
