4 0.479911 0.511161 0.486607 0.379464
4 0.754464 0.883929 0.107143 0.080357
4 0.058036 0.747768 0.080357 0.084821
8 0.779018 0.046875 0.236607 0.084821
8 0.886161 0.435268 0.200893 0.236607
8 0.919643 0.370536 0.160714 0.250000
8 0.921875 0.714286 0.156250 0.241071
8 0.716518 0.957589 0.218750 0.084821
8 0.325893 0.935268 0.258929 0.129464
8 0.339286 0.754464 0.214286 0.214286
8 0.091518 0.872768 0.174107 0.218750
8 0.055804 0.497768 0.102679 0.272321
8 0.270089 0.281250 0.236607 0.232143
8 0.368304 0.216518 0.227679 0.218750
8 0.522321 0.160714 0.223214 0.241071
8 0.977679 0.087054 0.044643 0.120536
8 0.060268 0.127232 0.111607 0.218750
8 0.220982 0.955357 0.138393 0.089286
8 0.939732 0.651786 0.120536 0.196429
