4 0.495536 0.522321 0.491071 0.437500
8 0.285714 0.321429 0.232143 0.241071
8 0.069196 0.238839 0.129464 0.218750
8 0.089286 0.071429 0.169643 0.133929
8 0.654018 0.037946 0.236607 0.066964
8 0.886161 0.232143 0.227679 0.214286
8 0.805804 0.424107 0.200893 0.205357
8 0.939732 0.602679 0.120536 0.232143
8 0.816964 0.738839 0.196429 0.191964
8 0.828125 0.877232 0.218750 0.191964
8 0.691964 0.908482 0.187500 0.183036
8 0.486607 0.857143 0.205357 0.232143
8 0.290179 0.770089 0.196429 0.227679
8 0.225446 0.937500 0.191964 0.125000
8 0.107143 0.694196 0.205357 0.218750
8 0.049107 0.921875 0.089286 0.156250
