4 0.486607 0.506696 0.437500 0.433036
8 0.200893 0.107143 0.223214 0.205357
8 0.323661 0.098214 0.209821 0.187500
8 0.069196 0.055804 0.129464 0.102679
8 0.066964 0.287946 0.125000 0.218750
8 0.301339 0.301339 0.227679 0.227679
8 0.212054 0.551339 0.209821 0.254464
8 0.270089 0.707589 0.209821 0.227679
8 0.064732 0.620536 0.120536 0.232143
8 0.392857 0.901786 0.258929 0.196429
8 0.198661 0.979911 0.156250 0.040179
8 0.049107 0.957589 0.089286 0.084821
8 0.796875 0.843750 0.209821 0.178571
8 0.825893 0.970982 0.187500 0.058036
8 0.948661 0.908482 0.102679 0.183036
8 0.941964 0.698661 0.116071 0.209821
8 0.772321 0.629464 0.205357 0.214286
8 0.861607 0.515625 0.232143 0.227679
8 0.941964 0.292411 0.116071 0.218750
8 0.861607 0.120536 0.258929 0.232143
8 0.649554 0.220982 0.245536 0.245536
