4 0.495536 0.515625 0.500000 0.495536
8 0.388393 0.098214 0.232143 0.187500
8 0.265625 0.279018 0.236607 0.227679
8 0.194196 0.410714 0.209821 0.250000
8 0.066964 0.321429 0.125000 0.205357
8 0.104911 0.138393 0.200893 0.214286
8 0.732143 0.205357 0.196429 0.214286
8 0.870536 0.370536 0.223214 0.223214
8 0.843750 0.598214 0.196429 0.223214
8 0.964286 0.680804 0.071429 0.191964
8 0.941964 0.906250 0.116071 0.187500
8 0.888393 0.078125 0.223214 0.147321
8 0.738839 0.752232 0.218750 0.218750
8 0.767857 0.939732 0.214286 0.120536
8 0.497768 0.959821 0.227679 0.080357
8 0.455357 0.816964 0.258929 0.187500
8 0.160714 0.761161 0.276786 0.218750
8 0.029018 0.906250 0.049107 0.187500
8 0.029018 0.658482 0.049107 0.209821
