4 0.520089 0.517857 0.406250 0.366071
4 0.488839 0.783482 0.093750 0.084821
8 0.116071 0.359375 0.223214 0.245536
8 0.046875 0.055804 0.084821 0.102679
8 0.198661 0.026786 0.165179 0.044643
8 0.366071 0.167411 0.187500 0.254464
8 0.756696 0.372768 0.183036 0.254464
8 0.863839 0.169643 0.209821 0.151786
8 0.799107 0.049107 0.241071 0.089286
8 0.607143 0.816964 0.223214 0.223214
8 0.854911 0.852679 0.209821 0.178571
8 0.944196 0.970982 0.111607 0.058036
8 0.305804 0.729911 0.174107 0.209821
8 0.397321 0.930804 0.151786 0.138393
8 0.189732 0.946429 0.263393 0.107143
