4 0.194196 0.316964 0.165179 0.098214
4 0.642857 0.877232 0.125000 0.138393
4 0.524554 0.504464 0.540179 0.553571
8 0.107143 0.160714 0.205357 0.232143
8 0.337054 0.191964 0.209821 0.223214
8 0.537946 0.102679 0.209821 0.196429
8 0.812500 0.151786 0.250000 0.223214
8 0.937500 0.071429 0.125000 0.133929
8 0.852679 0.406250 0.258929 0.258929
8 0.868304 0.703125 0.227679 0.236607
8 0.917411 0.915179 0.165179 0.169643
8 0.781250 0.866071 0.205357 0.214286
8 0.283482 0.698661 0.236607 0.245536
8 0.348214 0.908482 0.250000 0.183036
8 0.183036 0.448661 0.232143 0.245536
8 0.084821 0.571429 0.160714 0.232143
