4 0.500000 0.517857 0.410714 0.464286
8 0.080357 0.180804 0.151786 0.245536
8 0.205357 0.075893 0.241071 0.142857
8 0.216518 0.357143 0.209821 0.232143
8 0.707589 0.198661 0.227679 0.209821
8 0.792411 0.395089 0.191964 0.209821
8 0.921875 0.602679 0.156250 0.223214
8 0.926339 0.218750 0.147321 0.214286
8 0.899554 0.051339 0.200893 0.093750
8 0.767857 0.910714 0.205357 0.178571
8 0.470982 0.825893 0.290179 0.205357
8 0.183036 0.837054 0.232143 0.209821
8 0.357143 0.946429 0.241071 0.107143
8 0.073661 0.968750 0.138393 0.062500
