4 0.504464 0.502232 0.392857 0.370536
8 0.546875 0.091518 0.272321 0.174107
8 0.254464 0.093750 0.285714 0.178571
8 0.328125 0.254464 0.245536 0.214286
8 0.098214 0.428571 0.187500 0.250000
8 0.187500 0.609375 0.250000 0.209821
8 0.149554 0.848214 0.183036 0.214286
8 0.031250 0.779018 0.053571 0.183036
8 0.044643 0.944196 0.080357 0.111607
8 0.410714 0.908482 0.196429 0.183036
8 0.837054 0.830357 0.209821 0.258929
8 0.982143 0.754464 0.035714 0.160714
8 0.901786 0.578125 0.196429 0.174107
8 0.912946 0.352679 0.174107 0.214286
8 0.723214 0.265625 0.178571 0.254464
8 0.888393 0.102679 0.169643 0.196429
