4 0.504464 0.508929 0.508929 0.571429
4 0.890625 0.296875 0.147321 0.084821
8 0.178571 0.058036 0.205357 0.107143
8 0.062500 0.142857 0.116071 0.205357
8 0.107143 0.328125 0.205357 0.200893
8 0.156250 0.508929 0.232143 0.250000
8 0.062500 0.861607 0.116071 0.232143
8 0.131696 0.732143 0.218750 0.196429
8 0.316964 0.805804 0.223214 0.218750
8 0.453125 0.823661 0.236607 0.209821
8 0.493304 0.966518 0.209821 0.066964
8 0.263393 0.962054 0.196429 0.075893
8 0.712054 0.761161 0.209821 0.200893
8 0.854911 0.843750 0.200893 0.196429
8 0.919643 0.678571 0.160714 0.196429
8 0.977679 0.781250 0.044643 0.160714
8 0.799107 0.517857 0.187500 0.205357
8 0.933036 0.457589 0.133929 0.183036
8 0.732143 0.276786 0.214286 0.205357
8 0.642857 0.104911 0.223214 0.200893
8 0.772321 0.084821 0.187500 0.160714
8 0.957589 0.236607 0.084821 0.196429
8 0.944196 0.051339 0.111607 0.093750
8 0.390625 0.046875 0.209821 0.084821
