4 0.187500 0.031250 0.071429 0.053571
4 0.428571 0.071429 0.071429 0.080357
4 0.477679 0.232143 0.071429 0.080357
4 0.352679 0.669643 0.116071 0.071429
4 0.645089 0.787946 0.058036 0.084821
4 0.745536 0.029018 0.133929 0.049107
4 0.513393 0.493304 0.401786 0.334821
8 0.122768 0.162946 0.236607 0.236607
8 0.089286 0.375000 0.169643 0.223214
8 0.102679 0.716518 0.196429 0.245536
8 0.339286 0.892857 0.241071 0.214286
8 0.660714 0.785714 0.258929 0.232143
8 0.828125 0.636161 0.174107 0.236607
8 0.919643 0.772321 0.160714 0.258929
8 0.879464 0.937500 0.241071 0.125000
8 0.933036 0.444196 0.133929 0.245536
8 0.796875 0.100446 0.218750 0.191964
8 0.857143 0.154018 0.223214 0.191964
8 0.607143 0.084821 0.250000 0.160714
8 0.616071 0.229911 0.214286 0.174107
