4 0.500000 0.511161 0.535714 0.468750
8 0.120536 0.256696 0.205357 0.209821
8 0.191964 0.388393 0.205357 0.223214
8 0.049107 0.484375 0.089286 0.209821
8 0.203125 0.633929 0.236607 0.205357
8 0.285714 0.830357 0.232143 0.196429
8 0.093750 0.863839 0.178571 0.227679
8 0.316964 0.962054 0.214286 0.075893
8 0.591518 0.897321 0.227679 0.205357
8 0.852679 0.908482 0.214286 0.183036
8 0.743304 0.696429 0.236607 0.214286
8 0.962054 0.703125 0.075893 0.209821
8 0.810268 0.435268 0.209821 0.227679
8 0.937500 0.366071 0.125000 0.250000
8 0.834821 0.118304 0.232143 0.218750
8 0.959821 0.062500 0.080357 0.116071
8 0.629464 0.205357 0.214286 0.232143
8 0.345982 0.176339 0.218750 0.227679
8 0.113839 0.071429 0.218750 0.133929
