4 0.497768 0.477679 0.468750 0.651786
4 0.071429 0.953125 0.133929 0.093750
8 0.220982 0.270089 0.209821 0.191964
8 0.209821 0.359375 0.178571 0.218750
8 0.066964 0.466518 0.125000 0.174107
8 0.058036 0.558036 0.107143 0.205357
8 0.189732 0.625000 0.183036 0.178571
8 0.270089 0.921875 0.191964 0.156250
8 0.303571 0.879464 0.214286 0.205357
8 0.122768 0.841518 0.174107 0.200893
8 0.468750 0.955357 0.169643 0.089286
8 0.607143 0.904018 0.187500 0.174107
8 0.696429 0.901786 0.151786 0.196429
8 0.796875 0.770089 0.236607 0.263393
8 0.953125 0.779018 0.093750 0.227679
8 0.888393 0.517857 0.223214 0.214286
8 0.928571 0.312500 0.142857 0.223214
8 0.745536 0.345982 0.205357 0.218750
8 0.698661 0.252232 0.209821 0.191964
8 0.696429 0.078125 0.250000 0.147321
8 0.953125 0.095982 0.093750 0.183036
8 0.508929 0.125000 0.232143 0.160714
8 0.290179 0.069196 0.232143 0.129464
8 0.075893 0.035714 0.142857 0.062500
