4 0.404018 0.312500 0.584821 0.410714
4 0.477679 0.665179 0.500000 0.401786
4 0.863839 0.546875 0.084821 0.084821
8 0.303571 0.073661 0.250000 0.138393
8 0.107143 0.046875 0.160714 0.084821
8 0.111607 0.220982 0.214286 0.272321
8 0.102679 0.609375 0.196429 0.200893
8 0.169643 0.723214 0.250000 0.196429
8 0.026786 0.792411 0.044643 0.156250
8 0.046875 0.946429 0.084821 0.107143
8 0.207589 0.935268 0.227679 0.129464
8 0.350446 0.877232 0.209821 0.183036
8 0.479911 0.959821 0.209821 0.080357
8 0.716518 0.944196 0.200893 0.111607
8 0.785714 0.872768 0.250000 0.174107
8 0.828125 0.680804 0.218750 0.263393
8 0.725446 0.357143 0.200893 0.241071
8 0.912946 0.404018 0.174107 0.218750
8 0.957589 0.220982 0.084821 0.165179
8 0.899554 0.084821 0.200893 0.160714
8 0.662946 0.131696 0.290179 0.218750
