4 0.189732 0.372768 0.102679 0.129464
4 0.513393 0.506696 0.580357 0.584821
8 0.241071 0.287946 0.187500 0.227679
8 0.223214 0.087054 0.250000 0.165179
8 0.069196 0.205357 0.129464 0.223214
8 0.051339 0.334821 0.093750 0.205357
8 0.111607 0.535714 0.214286 0.214286
8 0.069196 0.770089 0.129464 0.245536
8 0.232143 0.910714 0.223214 0.178571
8 0.267857 0.816964 0.241071 0.187500
8 0.479911 0.901786 0.209821 0.196429
8 0.705357 0.948661 0.223214 0.102679
8 0.729911 0.899554 0.245536 0.191964
8 0.928571 0.944196 0.142857 0.111607
8 0.763393 0.691964 0.205357 0.205357
8 0.921875 0.575893 0.156250 0.232143
8 0.854911 0.334821 0.200893 0.223214
8 0.957589 0.310268 0.084821 0.227679
8 0.877232 0.109375 0.218750 0.209821
8 0.658482 0.185268 0.227679 0.254464
8 0.475446 0.075893 0.218750 0.142857
