4 0.558036 0.261161 0.116071 0.093750
4 0.488839 0.502232 0.468750 0.388393
8 0.426339 0.167411 0.245536 0.218750
8 0.272321 0.066964 0.223214 0.125000
8 0.082589 0.087054 0.156250 0.165179
8 0.165179 0.334821 0.232143 0.223214
8 0.024554 0.252232 0.040179 0.183036
8 0.082589 0.685268 0.156250 0.183036
8 0.104911 0.895089 0.200893 0.209821
8 0.274554 0.738839 0.227679 0.236607
8 0.392857 0.919643 0.232143 0.160714
8 0.656250 0.933036 0.205357 0.133929
8 0.680804 0.805804 0.236607 0.218750
8 0.941964 0.707589 0.116071 0.218750
8 0.852679 0.495536 0.214286 0.250000
8 0.841518 0.214286 0.245536 0.214286
8 0.479911 0.022321 0.156250 0.035714
