4 0.486607 0.517857 0.428571 0.428571
4 0.727679 0.247768 0.089286 0.093750
4 0.761161 0.700893 0.066964 0.098214
8 0.511161 0.156250 0.227679 0.196429
8 0.292411 0.281250 0.209821 0.205357
8 0.127232 0.140625 0.209821 0.209821
8 0.066964 0.330357 0.125000 0.232143
8 0.229911 0.595982 0.165179 0.174107
8 0.071429 0.633929 0.133929 0.223214
8 0.069196 0.875000 0.129464 0.214286
8 0.205357 0.959821 0.205357 0.080357
8 0.484375 0.825893 0.254464 0.223214
8 0.787946 0.796875 0.191964 0.200893
8 0.924107 0.901786 0.151786 0.196429
8 0.941964 0.696429 0.116071 0.187500
8 0.837054 0.459821 0.227679 0.223214
8 0.977679 0.390625 0.044643 0.200893
8 0.859375 0.138393 0.227679 0.223214
