4 0.504464 0.497768 0.500000 0.486607
8 0.220982 0.209821 0.191964 0.196429
8 0.058036 0.131696 0.107143 0.209821
8 0.200893 0.037946 0.205357 0.066964
8 0.725446 0.107143 0.227679 0.205357
8 0.928571 0.082589 0.142857 0.156250
8 0.857143 0.473214 0.196429 0.223214
8 0.879464 0.729911 0.205357 0.209821
8 0.754464 0.908482 0.205357 0.183036
8 0.549107 0.834821 0.223214 0.223214
8 0.227679 0.678571 0.205357 0.241071
8 0.060268 0.645089 0.111607 0.281250
8 0.131696 0.397321 0.218750 0.205357
8 0.080357 0.937500 0.151786 0.125000
