4 0.502232 0.531250 0.486607 0.455357
8 0.725446 0.323661 0.200893 0.263393
8 0.892857 0.368304 0.214286 0.209821
8 0.912946 0.662946 0.174107 0.245536
8 0.758929 0.658482 0.258929 0.316964
8 0.870536 0.136161 0.258929 0.227679
8 0.537946 0.216518 0.272321 0.245536
8 0.292411 0.258929 0.209821 0.241071
8 0.095982 0.227679 0.183036 0.232143
8 0.080357 0.421875 0.151786 0.236607
8 0.196429 0.542411 0.205357 0.191964
8 0.098214 0.745536 0.187500 0.214286
8 0.069196 0.930804 0.129464 0.138393
8 0.375000 0.859375 0.223214 0.218750
8 0.600446 0.857143 0.236607 0.178571
8 0.629464 0.973214 0.250000 0.053571
