4 0.500000 0.537946 0.517857 0.531250
8 0.267857 0.272321 0.241071 0.232143
8 0.569196 0.200893 0.254464 0.223214
8 0.774554 0.319196 0.218750 0.227679
8 0.910714 0.475446 0.178571 0.218750
8 0.861607 0.656250 0.276786 0.205357
8 0.895089 0.816964 0.209821 0.223214
8 0.906250 0.069196 0.178571 0.129464
8 0.671875 0.049107 0.254464 0.089286
8 0.419643 0.033482 0.205357 0.058036
8 0.069196 0.399554 0.129464 0.200893
8 0.187500 0.622768 0.205357 0.236607
8 0.042411 0.658482 0.075893 0.200893
8 0.129464 0.843750 0.214286 0.196429
8 0.055804 0.959821 0.102679 0.080357
8 0.334821 0.915179 0.232143 0.169643
