4 0.508929 0.506696 0.392857 0.406250
8 0.223214 0.281250 0.241071 0.241071
8 0.055804 0.316964 0.102679 0.232143
8 0.089286 0.033482 0.169643 0.058036
8 0.301339 0.071429 0.227679 0.133929
8 0.678571 0.064732 0.267857 0.120536
8 0.910714 0.044643 0.178571 0.080357
8 0.924107 0.185268 0.151786 0.209821
8 0.756696 0.256696 0.263393 0.218750
8 0.812500 0.401786 0.321429 0.178571
8 0.841518 0.598214 0.272321 0.241071
8 0.946429 0.660714 0.107143 0.232143
8 0.703125 0.770089 0.236607 0.254464
8 0.908482 0.917411 0.183036 0.165179
8 0.497768 0.904018 0.245536 0.191964
8 0.352679 0.723214 0.258929 0.276786
8 0.116071 0.660714 0.223214 0.232143
