4 0.189732 0.395089 0.102679 0.075893
4 0.511161 0.508929 0.468750 0.446429
8 0.660714 0.156250 0.276786 0.187500
8 0.745536 0.037946 0.214286 0.066964
8 0.957589 0.254464 0.084821 0.196429
8 0.895089 0.486607 0.209821 0.258929
8 0.904018 0.736607 0.191964 0.214286
8 0.683036 0.750000 0.214286 0.205357
8 0.497768 0.854911 0.218750 0.245536
8 0.843750 0.935268 0.214286 0.129464
8 0.250000 0.939732 0.223214 0.120536
8 0.176339 0.580357 0.209821 0.232143
8 0.087054 0.377232 0.165179 0.236607
8 0.046875 0.680804 0.084821 0.218750
8 0.337054 0.058036 0.236607 0.107143
