4 0.502232 0.506696 0.379464 0.424107
8 0.718750 0.214286 0.241071 0.214286
8 0.937500 0.343750 0.125000 0.250000
8 0.966518 0.216518 0.066964 0.218750
8 0.790179 0.417411 0.196429 0.245536
8 0.895089 0.604911 0.209821 0.263393
8 0.709821 0.743304 0.205357 0.200893
8 0.825893 0.912946 0.241071 0.174107
8 0.631696 0.939732 0.191964 0.120536
8 0.254464 0.794643 0.250000 0.232143
8 0.388393 0.950893 0.214286 0.098214
8 0.093750 0.957589 0.178571 0.084821
8 0.060268 0.558036 0.111607 0.330357
8 0.167411 0.437500 0.227679 0.205357
8 0.160714 0.200893 0.187500 0.241071
8 0.033482 0.118304 0.058036 0.227679
8 0.352679 0.102679 0.223214 0.196429
8 0.747768 0.046875 0.263393 0.084821
