4 0.506696 0.500000 0.450893 0.464286
8 0.270089 0.158482 0.209821 0.200893
8 0.087054 0.156250 0.165179 0.258929
8 0.069196 0.415179 0.129464 0.232143
8 0.225446 0.741071 0.254464 0.232143
8 0.185268 0.928571 0.263393 0.142857
8 0.468750 0.080357 0.250000 0.151786
8 0.734375 0.104911 0.245536 0.200893
8 0.879464 0.261161 0.223214 0.245536
8 0.912946 0.037946 0.174107 0.066964
8 0.774554 0.631696 0.218750 0.209821
8 0.647321 0.770089 0.241071 0.200893
8 0.854911 0.814732 0.245536 0.263393
8 0.953125 0.787946 0.093750 0.236607
