4 0.502232 0.495536 0.575893 0.526786
8 0.754464 0.274554 0.187500 0.200893
8 0.892857 0.109375 0.214286 0.209821
8 0.366071 0.142857 0.214286 0.232143
8 0.147321 0.267857 0.205357 0.214286
8 0.080357 0.080357 0.151786 0.151786
8 0.129464 0.589286 0.223214 0.196429
8 0.029018 0.252232 0.049107 0.165179
8 0.174107 0.832589 0.196429 0.200893
8 0.439732 0.921875 0.218750 0.156250
8 0.580357 0.796875 0.258929 0.200893
8 0.845982 0.736607 0.227679 0.241071
8 0.935268 0.912946 0.129464 0.174107
8 0.674107 0.946429 0.258929 0.107143
