4 0.506696 0.495536 0.450893 0.437500
8 0.294643 0.212054 0.214286 0.209821
8 0.149554 0.379464 0.236607 0.214286
8 0.040179 0.223214 0.071429 0.214286
8 0.109375 0.082589 0.209821 0.156250
8 0.207589 0.044643 0.227679 0.080357
8 0.441964 0.087054 0.205357 0.165179
8 0.578125 0.111607 0.227679 0.214286
8 0.816964 0.305804 0.187500 0.191964
8 0.962054 0.404018 0.075893 0.200893
8 0.924107 0.069196 0.151786 0.129464
8 0.897321 0.620536 0.205357 0.241071
8 0.787946 0.803571 0.218750 0.196429
8 0.669643 0.765625 0.187500 0.209821
8 0.937500 0.904018 0.125000 0.191964
8 0.689732 0.948661 0.209821 0.102679
8 0.245536 0.712054 0.223214 0.209821
8 0.200893 0.845982 0.205357 0.200893
8 0.080357 0.758929 0.151786 0.250000
8 0.084821 0.937500 0.160714 0.125000
