4 0.515625 0.517857 0.406250 0.437500
8 0.154018 0.410714 0.245536 0.241071
8 0.158482 0.662946 0.227679 0.227679
8 0.066964 0.875000 0.125000 0.214286
8 0.218750 0.959821 0.160714 0.080357
8 0.366071 0.904018 0.232143 0.191964
8 0.517857 0.787946 0.241071 0.191964
8 0.736607 0.649554 0.223214 0.254464
8 0.881696 0.584821 0.227679 0.232143
8 0.917411 0.368304 0.165179 0.236607
8 0.620536 0.147321 0.241071 0.232143
8 0.381696 0.100446 0.254464 0.191964
8 0.118304 0.111607 0.227679 0.214286
8 0.912946 0.037946 0.174107 0.066964
8 0.886161 0.875000 0.218750 0.250000
8 0.743304 0.970982 0.209821 0.058036
