4 0.495536 0.515625 0.517857 0.647321
4 0.674107 0.129464 0.098214 0.098214
8 0.406250 0.165179 0.267857 0.205357
8 0.174107 0.296875 0.223214 0.209821
8 0.053571 0.104911 0.098214 0.200893
8 0.080357 0.524554 0.151786 0.218750
8 0.200893 0.676339 0.214286 0.209821
8 0.234375 0.895089 0.191964 0.191964
8 0.491071 0.912946 0.241071 0.174107
8 0.676339 0.799107 0.200893 0.214286
8 0.901786 0.761161 0.196429 0.263393
8 0.821429 0.484375 0.214286 0.245536
8 0.973214 0.491071 0.053571 0.160714
8 0.866071 0.261161 0.258929 0.218750
8 0.792411 0.082589 0.245536 0.156250
8 0.511161 0.042411 0.236607 0.075893
