4 0.508929 0.488839 0.517857 0.745536
4 0.225446 0.504464 0.084821 0.080357
8 0.071429 0.138393 0.133929 0.214286
8 0.033482 0.098214 0.058036 0.187500
8 0.247768 0.209821 0.209821 0.196429
8 0.319196 0.162946 0.218750 0.227679
8 0.696429 0.140625 0.241071 0.209821
8 0.622768 0.075893 0.200893 0.142857
8 0.823661 0.029018 0.183036 0.049107
8 0.950893 0.087054 0.098214 0.165179
8 0.924107 0.363839 0.151786 0.209821
8 0.964286 0.439732 0.071429 0.183036
8 0.845982 0.520089 0.200893 0.218750
8 0.912946 0.718750 0.174107 0.196429
8 0.683036 0.821429 0.250000 0.196429
8 0.848214 0.933036 0.160714 0.133929
8 0.598214 0.921875 0.241071 0.156250
8 0.457589 0.904018 0.209821 0.191964
8 0.232143 0.921875 0.223214 0.156250
8 0.078125 0.897321 0.147321 0.205357
8 0.049107 0.707589 0.089286 0.174107
8 0.167411 0.680804 0.209821 0.209821
8 0.075893 0.508929 0.142857 0.205357
8 0.084821 0.421875 0.160714 0.191964
