4 0.511161 0.493304 0.593750 0.584821
8 0.156250 0.087054 0.214286 0.165179
8 0.078125 0.337054 0.147321 0.236607
8 0.194196 0.430804 0.156250 0.236607
8 0.223214 0.725446 0.241071 0.209821
8 0.196429 0.928571 0.241071 0.142857
8 0.598214 0.875000 0.241071 0.223214
8 0.765625 0.691964 0.209821 0.205357
8 0.939732 0.785714 0.120536 0.241071
8 0.948661 0.955357 0.102679 0.089286
8 0.973214 0.558036 0.053571 0.160714
8 0.895089 0.377232 0.209821 0.200893
8 0.977679 0.225446 0.044643 0.156250
8 0.910714 0.078125 0.178571 0.147321
8 0.640625 0.151786 0.290179 0.196429
