4 0.488839 0.537946 0.602679 0.522321
8 0.236607 0.169643 0.196429 0.232143
8 0.484375 0.203125 0.254464 0.236607
8 0.511161 0.040179 0.245536 0.071429
8 0.156250 0.035714 0.232143 0.062500
8 0.040179 0.095982 0.071429 0.183036
8 0.082589 0.439732 0.156250 0.227679
8 0.149554 0.758929 0.191964 0.223214
8 0.033482 0.761161 0.058036 0.218750
8 0.191964 0.944196 0.205357 0.111607
8 0.741071 0.814732 0.223214 0.209821
8 0.868304 0.946429 0.200893 0.107143
8 0.966518 0.712054 0.066964 0.245536
8 0.857143 0.607143 0.232143 0.214286
8 0.928571 0.406250 0.142857 0.187500
8 0.801339 0.267857 0.227679 0.205357
8 0.904018 0.084821 0.191964 0.160714
