4 0.513393 0.502232 0.383929 0.459821
8 0.325893 0.116071 0.214286 0.223214
8 0.575893 0.107143 0.250000 0.205357
8 0.839286 0.055804 0.223214 0.102679
8 0.915179 0.207589 0.169643 0.254464
8 0.881696 0.444196 0.236607 0.245536
8 0.928571 0.734375 0.142857 0.218750
8 0.736607 0.725446 0.241071 0.236607
8 0.604911 0.926339 0.227679 0.147321
8 0.305804 0.875000 0.218750 0.223214
8 0.098214 0.921875 0.187500 0.156250
8 0.046875 0.604911 0.084821 0.209821
8 0.203125 0.520089 0.236607 0.254464
8 0.176339 0.299107 0.263393 0.258929
8 0.075893 0.107143 0.142857 0.205357
8 0.020089 0.345982 0.031250 0.191964
