4 0.511161 0.529018 0.459821 0.459821
8 0.310268 0.214286 0.227679 0.214286
8 0.691964 0.261161 0.196429 0.191964
8 0.752232 0.191964 0.227679 0.223214
8 0.705357 0.064732 0.205357 0.120536
8 0.591518 0.060268 0.227679 0.111607
8 0.962054 0.301339 0.075893 0.218750
8 0.921875 0.613839 0.156250 0.200893
8 0.906250 0.837054 0.187500 0.227679
8 0.787946 0.859375 0.227679 0.218750
8 0.441964 0.783482 0.250000 0.281250
8 0.301339 0.734375 0.227679 0.218750
8 0.287946 0.933036 0.227679 0.133929
8 0.109375 0.566964 0.191964 0.214286
8 0.060268 0.613839 0.111607 0.218750
8 0.044643 0.814732 0.080357 0.183036
8 0.116071 0.328125 0.223214 0.227679
8 0.107143 0.071429 0.205357 0.133929
