4 0.522321 0.468750 0.428571 0.678571
8 0.772321 0.361607 0.214286 0.223214
8 0.861607 0.535714 0.232143 0.258929
8 0.948661 0.569196 0.102679 0.218750
8 0.979911 0.183036 0.040179 0.178571
8 0.776786 0.120536 0.214286 0.214286
8 0.424107 0.029018 0.160714 0.049107
8 0.319196 0.136161 0.191964 0.236607
8 0.149554 0.017857 0.174107 0.026786
8 0.089286 0.142857 0.169643 0.205357
8 0.225446 0.370536 0.191964 0.214286
8 0.031250 0.412946 0.053571 0.174107
8 0.037946 0.609375 0.066964 0.183036
8 0.167411 0.569196 0.227679 0.200893
8 0.180804 0.743304 0.254464 0.200893
8 0.125000 0.928571 0.241071 0.142857
8 0.716518 0.901786 0.254464 0.196429
