4 0.522321 0.500000 0.535714 0.491071
8 0.283482 0.270089 0.183036 0.209821
8 0.823661 0.375000 0.191964 0.205357
8 0.901786 0.450893 0.178571 0.214286
8 0.908482 0.185268 0.183036 0.218750
8 0.694196 0.042411 0.236607 0.075893
8 0.133929 0.035714 0.196429 0.062500
8 0.042411 0.095982 0.075893 0.156250
8 0.095982 0.270089 0.183036 0.191964
8 0.154018 0.473214 0.218750 0.205357
8 0.064732 0.517857 0.120536 0.250000
8 0.196429 0.691964 0.169643 0.205357
8 0.087054 0.875000 0.165179 0.223214
8 0.415179 0.959821 0.214286 0.080357
8 0.571429 0.845982 0.196429 0.218750
8 0.825893 0.669643 0.223214 0.196429
8 0.959821 0.792411 0.080357 0.227679
8 0.944196 0.959821 0.111607 0.080357
