4 0.524554 0.477679 0.683036 0.607143
4 0.044643 0.857143 0.080357 0.071429
4 0.325893 0.658482 0.133929 0.102679
8 0.125000 0.287946 0.241071 0.245536
8 0.051339 0.468750 0.093750 0.214286
8 0.040179 0.694196 0.071429 0.218750
8 0.194196 0.631696 0.191964 0.209821
8 0.162946 0.854911 0.200893 0.200893
8 0.486607 0.859375 0.205357 0.191964
8 0.774554 0.948661 0.191964 0.102679
8 0.919643 0.863839 0.160714 0.218750
8 0.875000 0.647321 0.205357 0.232143
8 0.821429 0.566964 0.187500 0.205357
8 0.950893 0.464286 0.098214 0.196429
8 0.783482 0.343750 0.227679 0.196429
8 0.703125 0.165179 0.191964 0.169643
8 0.895089 0.133929 0.191964 0.187500
8 0.636161 0.066964 0.254464 0.125000
8 0.343750 0.071429 0.250000 0.133929
8 0.107143 0.066964 0.205357 0.125000
8 0.352679 0.243304 0.205357 0.209821
