4 0.497768 0.477679 0.450893 0.732143
8 0.075893 0.296875 0.142857 0.245536
8 0.127232 0.087054 0.236607 0.165179
8 0.310268 0.055804 0.209821 0.102679
8 0.658482 0.136161 0.218750 0.200893
8 0.859375 0.165179 0.236607 0.205357
8 0.756696 0.332589 0.183036 0.227679
8 0.946429 0.504464 0.107143 0.205357
8 0.877232 0.031250 0.147321 0.053571
8 0.781250 0.582589 0.205357 0.245536
8 0.892857 0.687500 0.205357 0.214286
8 0.926339 0.910714 0.147321 0.178571
8 0.678571 0.850446 0.196429 0.272321
8 0.457589 0.921875 0.209821 0.156250
8 0.214286 0.783482 0.214286 0.281250
8 0.113839 0.973214 0.209821 0.053571
8 0.035714 0.933036 0.062500 0.133929
8 0.109375 0.674107 0.209821 0.258929
8 0.062500 0.566964 0.116071 0.232143
