4 0.506696 0.500000 0.379464 0.410714
8 0.861607 0.542411 0.232143 0.218750
8 0.919643 0.756696 0.160714 0.227679
8 0.924107 0.935268 0.151786 0.129464
8 0.658482 0.756696 0.227679 0.209821
8 0.444196 0.825893 0.209821 0.223214
8 0.234375 0.888393 0.227679 0.223214
8 0.410714 0.975446 0.169643 0.049107
8 0.220982 0.649554 0.200893 0.191964
8 0.060268 0.636161 0.111607 0.236607
8 0.033482 0.895089 0.058036 0.191964
8 0.116071 0.395089 0.223214 0.254464
8 0.328125 0.270089 0.236607 0.227679
8 0.062500 0.080357 0.116071 0.151786
8 0.758929 0.154018 0.250000 0.218750
8 0.776786 0.361607 0.196429 0.178571
8 0.979911 0.450893 0.040179 0.178571
8 0.683036 0.022321 0.258929 0.035714
