4 0.500000 0.497768 0.446429 0.522321
8 0.252232 0.290179 0.218750 0.205357
8 0.107143 0.308036 0.205357 0.205357
8 0.040179 0.133929 0.071429 0.187500
8 0.176339 0.107143 0.200893 0.205357
8 0.368304 0.062500 0.227679 0.116071
8 0.575893 0.113839 0.187500 0.191964
8 0.852679 0.122768 0.241071 0.227679
8 0.924107 0.191964 0.151786 0.232143
8 0.888393 0.462054 0.223214 0.209821
8 0.805804 0.645089 0.245536 0.227679
8 0.761161 0.845982 0.236607 0.200893
8 0.935268 0.908482 0.129464 0.183036
8 0.529018 0.933036 0.254464 0.133929
8 0.412946 0.794643 0.263393 0.196429
8 0.229911 0.908482 0.218750 0.183036
8 0.145089 0.723214 0.245536 0.223214
8 0.187500 0.504464 0.205357 0.223214
8 0.044643 0.558036 0.080357 0.214286
