4 0.486607 0.508929 0.535714 0.526786
4 0.495536 0.946429 0.160714 0.107143
4 0.924107 0.116071 0.151786 0.223214
8 0.482143 0.140625 0.223214 0.209821
8 0.279018 0.118304 0.218750 0.227679
8 0.129464 0.031250 0.160714 0.053571
8 0.024554 0.051339 0.040179 0.093750
8 0.156250 0.334821 0.232143 0.223214
8 0.854911 0.508929 0.174107 0.205357
8 0.973214 0.649554 0.053571 0.200893
8 0.933036 0.875000 0.133929 0.250000
8 0.767857 0.881696 0.187500 0.236607
8 0.564732 0.850446 0.200893 0.209821
8 0.332589 0.959821 0.147321 0.080357
8 0.183036 0.892857 0.205357 0.214286
8 0.145089 0.566964 0.200893 0.232143
8 0.046875 0.703125 0.084821 0.209821
