4 0.497768 0.542411 0.450893 0.486607
4 0.189732 0.261161 0.111607 0.084821
4 0.437500 0.029018 0.125000 0.049107
8 0.395089 0.167411 0.227679 0.227679
8 0.718750 0.258929 0.258929 0.241071
8 0.895089 0.415179 0.200893 0.223214
8 0.787946 0.649554 0.174107 0.227679
8 0.941964 0.627232 0.116071 0.290179
8 0.703125 0.765625 0.209821 0.183036
8 0.618304 0.866071 0.245536 0.241071
8 0.859375 0.890625 0.209821 0.218750
8 0.415179 0.950893 0.241071 0.098214
8 0.337054 0.799107 0.245536 0.223214
8 0.180804 0.629464 0.227679 0.232143
8 0.200893 0.410714 0.196429 0.214286
8 0.037946 0.462054 0.066964 0.183036
8 0.037946 0.566964 0.066964 0.205357
8 0.073661 0.241071 0.138393 0.241071
8 0.154018 0.078125 0.254464 0.147321
8 0.792411 0.062500 0.183036 0.116071
8 0.886161 0.111607 0.191964 0.214286
8 0.955357 0.180804 0.089286 0.209821
