4 0.508929 0.522321 0.491071 0.473214
8 0.386161 0.165179 0.191964 0.178571
8 0.738839 0.254464 0.236607 0.214286
8 0.906250 0.379464 0.187500 0.241071
8 0.959821 0.729911 0.080357 0.200893
8 0.761161 0.694196 0.218750 0.165179
8 0.866071 0.868304 0.178571 0.218750
8 0.683036 0.877232 0.187500 0.218750
8 0.450893 0.808036 0.223214 0.178571
8 0.301339 0.915179 0.236607 0.169643
8 0.118304 0.723214 0.227679 0.223214
8 0.093750 0.493304 0.178571 0.209821
8 0.225446 0.310268 0.227679 0.218750
8 0.136161 0.136161 0.227679 0.209821
8 0.404018 0.031250 0.209821 0.053571
8 0.040179 0.939732 0.071429 0.120536
