4 0.500000 0.493304 0.464286 0.504464
4 0.529018 0.901786 0.102679 0.107143
8 0.752232 0.203125 0.191964 0.209821
8 0.883929 0.357143 0.223214 0.241071
8 0.935268 0.136161 0.129464 0.209821
8 0.410714 0.091518 0.196429 0.174107
8 0.600446 0.031250 0.165179 0.053571
8 0.214286 0.156250 0.187500 0.178571
8 0.089286 0.060268 0.169643 0.111607
8 0.109375 0.308036 0.209821 0.187500
8 0.033482 0.553571 0.058036 0.214286
8 0.151786 0.566964 0.187500 0.187500
8 0.156250 0.857143 0.232143 0.214286
8 0.390625 0.868304 0.165179 0.263393
8 0.645089 0.955357 0.174107 0.089286
8 0.799107 0.962054 0.142857 0.075893
8 0.930804 0.908482 0.138393 0.183036
8 0.912946 0.689732 0.174107 0.209821
8 0.031250 0.776786 0.053571 0.133929
