4 0.497768 0.506696 0.397321 0.441964
4 0.785714 0.044643 0.142857 0.080357
8 0.676339 0.203125 0.227679 0.218750
8 0.808036 0.363839 0.205357 0.245536
8 0.957589 0.308036 0.084821 0.241071
8 0.944196 0.053571 0.111607 0.098214
8 0.629464 0.044643 0.232143 0.080357
8 0.236607 0.366071 0.205357 0.205357
8 0.053571 0.446429 0.098214 0.276786
8 0.200893 0.578125 0.232143 0.236607
8 0.872768 0.620536 0.218750 0.250000
8 0.959821 0.877232 0.080357 0.209821
8 0.805804 0.924107 0.209821 0.151786
8 0.515625 0.799107 0.236607 0.178571
8 0.540179 0.955357 0.196429 0.089286
8 0.283482 0.812500 0.236607 0.223214
8 0.055804 0.698661 0.102679 0.209821
8 0.091518 0.899554 0.174107 0.200893
8 0.250000 0.959821 0.223214 0.080357
