4 0.502232 0.502232 0.486607 0.441964
8 0.821429 0.553571 0.205357 0.267857
8 0.906250 0.555804 0.187500 0.236607
8 0.185268 0.457589 0.200893 0.272321
8 0.187500 0.339286 0.276786 0.232143
8 0.049107 0.214286 0.089286 0.214286
8 0.363839 0.109375 0.263393 0.209821
8 0.747768 0.122768 0.227679 0.200893
8 0.712054 0.062500 0.227679 0.116071
8 0.926339 0.109375 0.147321 0.209821
8 0.895089 0.305804 0.209821 0.191964
8 0.776786 0.794643 0.205357 0.214286
8 0.491071 0.823661 0.241071 0.218750
8 0.241071 0.723214 0.196429 0.250000
8 0.140625 0.776786 0.209821 0.214286
8 0.279018 0.935268 0.227679 0.129464
8 0.073661 0.939732 0.138393 0.120536
