4 0.495536 0.491071 0.473214 0.651786
4 0.859375 0.654018 0.138393 0.093750
4 0.770089 0.283482 0.084821 0.075893
8 0.321429 0.299107 0.223214 0.232143
8 0.147321 0.113839 0.214286 0.218750
8 0.372768 0.089286 0.218750 0.169643
8 0.618304 0.075893 0.227679 0.142857
8 0.937500 0.292411 0.125000 0.227679
8 0.796875 0.408482 0.200893 0.200893
8 0.850446 0.618304 0.209821 0.209821
8 0.955357 0.741071 0.089286 0.250000
8 0.808036 0.823661 0.223214 0.200893
8 0.875000 0.966518 0.178571 0.066964
8 0.370536 0.872768 0.205357 0.227679
8 0.205357 0.691964 0.196429 0.250000
8 0.102679 0.511161 0.196429 0.227679
8 0.071429 0.292411 0.133929 0.227679
8 0.046875 0.747768 0.084821 0.227679
