4 0.484375 0.500000 0.584821 0.473214
4 0.040179 0.495536 0.071429 0.107143
8 0.678571 0.234375 0.187500 0.191964
8 0.808036 0.399554 0.178571 0.200893
8 0.935268 0.513393 0.129464 0.232143
8 0.928571 0.272321 0.142857 0.187500
8 0.904018 0.091518 0.191964 0.174107
8 0.500000 0.084821 0.196429 0.160714
8 0.287946 0.062500 0.218750 0.116071
8 0.084821 0.046875 0.160714 0.084821
8 0.200893 0.218750 0.205357 0.223214
8 0.180804 0.453125 0.200893 0.200893
8 0.805804 0.627232 0.200893 0.236607
8 0.939732 0.825893 0.120536 0.205357
8 0.736607 0.904018 0.205357 0.183036
8 0.636161 0.852679 0.200893 0.187500
8 0.383929 0.794643 0.205357 0.196429
8 0.397321 0.897321 0.214286 0.205357
8 0.254464 0.738839 0.178571 0.191964
8 0.178571 0.821429 0.196429 0.196429
8 0.205357 0.964286 0.187500 0.071429
8 0.033482 0.761161 0.058036 0.174107
8 0.026786 0.379464 0.044643 0.142857
