4 0.477679 0.520089 0.562500 0.531250
8 0.904018 0.404018 0.191964 0.191964
8 0.823661 0.604911 0.183036 0.200893
8 0.861607 0.892857 0.214286 0.214286
8 0.676339 0.756696 0.209821 0.200893
8 0.622768 0.933036 0.218750 0.133929
8 0.348214 0.783482 0.232143 0.218750
8 0.404018 0.959821 0.183036 0.080357
8 0.229911 0.915179 0.191964 0.169643
8 0.078125 0.834821 0.147321 0.205357
8 0.046875 0.618304 0.084821 0.209821
8 0.183036 0.582589 0.196429 0.254464
8 0.033482 0.386161 0.058036 0.183036
8 0.149554 0.314732 0.209821 0.200893
8 0.107143 0.131696 0.205357 0.200893
8 0.212054 0.017857 0.129464 0.026786
8 0.377232 0.064732 0.191964 0.120536
8 0.593750 0.194196 0.258929 0.156250
8 0.825893 0.238839 0.232143 0.209821
8 0.738839 0.073661 0.218750 0.138393
8 0.595982 0.053571 0.191964 0.098214
8 0.935268 0.058036 0.129464 0.107143
