4 0.504464 0.504464 0.473214 0.446429
4 0.955357 0.658482 0.089286 0.084821
8 0.627232 0.158482 0.218750 0.236607
8 0.839286 0.241071 0.214286 0.250000
8 0.879464 0.073661 0.241071 0.138393
8 0.973214 0.265625 0.053571 0.236607
8 0.834821 0.462054 0.232143 0.227679
8 0.854911 0.703125 0.209821 0.236607
8 0.658482 0.787946 0.227679 0.218750
8 0.680804 0.906250 0.218750 0.187500
8 0.915179 0.939732 0.169643 0.120536
8 0.390625 0.897321 0.209821 0.187500
8 0.234375 0.723214 0.236607 0.250000
8 0.194196 0.924107 0.174107 0.151786
8 0.049107 0.915179 0.089286 0.169643
8 0.071429 0.584821 0.133929 0.232143
8 0.073661 0.321429 0.138393 0.241071
8 0.147321 0.142857 0.232143 0.214286
8 0.379464 0.082589 0.250000 0.156250
