4 0.526786 0.473214 0.616071 0.678571
8 0.883929 0.515625 0.169643 0.236607
8 0.870536 0.714286 0.205357 0.187500
8 0.955357 0.810268 0.089286 0.147321
8 0.953125 0.279018 0.093750 0.191964
8 0.792411 0.066964 0.254464 0.125000
8 0.395089 0.071429 0.218750 0.133929
8 0.154018 0.095982 0.227679 0.183036
8 0.145089 0.341518 0.200893 0.209821
8 0.174107 0.439732 0.178571 0.200893
8 0.154018 0.640625 0.183036 0.200893
8 0.046875 0.707589 0.084821 0.191964
8 0.029018 0.470982 0.049107 0.191964
8 0.450893 0.866071 0.223214 0.196429
8 0.444196 0.953125 0.236607 0.093750
