4 0.502232 0.493304 0.459821 0.522321
4 0.390625 0.062500 0.138393 0.080357
8 0.183036 0.386161 0.196429 0.218750
8 0.156250 0.087054 0.223214 0.165179
8 0.571429 0.055804 0.214286 0.102679
8 0.941964 0.238839 0.116071 0.236607
8 0.962054 0.491071 0.075893 0.178571
8 0.957589 0.053571 0.084821 0.098214
8 0.781250 0.529018 0.205357 0.236607
8 0.783482 0.783482 0.236607 0.245536
8 0.542411 0.901786 0.254464 0.196429
8 0.312500 0.801339 0.232143 0.236607
8 0.234375 0.654018 0.209821 0.218750
8 0.089286 0.491071 0.169643 0.241071
8 0.078125 0.754464 0.147321 0.214286
8 0.104911 0.946429 0.200893 0.107143
8 0.325893 0.955357 0.178571 0.089286
