4 0.500000 0.558036 0.482143 0.535714
8 0.546875 0.042411 0.245536 0.075893
8 0.758929 0.100446 0.241071 0.191964
8 0.928571 0.071429 0.142857 0.133929
8 0.747768 0.337054 0.218750 0.272321
8 0.921875 0.430804 0.156250 0.263393
8 0.955357 0.696429 0.089286 0.258929
8 0.850446 0.669643 0.165179 0.214286
8 0.785714 0.794643 0.169643 0.241071
8 0.227679 0.654018 0.223214 0.254464
8 0.375000 0.930804 0.187500 0.138393
8 0.140625 0.926339 0.272321 0.147321
8 0.033482 0.816964 0.058036 0.258929
8 0.091518 0.109375 0.174107 0.209821
