4 0.500000 0.504464 0.526786 0.651786
8 0.921875 0.149554 0.156250 0.236607
8 0.854911 0.372768 0.209821 0.263393
8 0.841518 0.620536 0.218750 0.267857
8 0.924107 0.712054 0.151786 0.245536
8 0.754464 0.100446 0.205357 0.191964
8 0.544643 0.055804 0.214286 0.102679
8 0.270089 0.082589 0.245536 0.156250
8 0.198661 0.263393 0.218750 0.223214
8 0.131696 0.334821 0.191964 0.232143
8 0.078125 0.680804 0.147321 0.227679
8 0.234375 0.741071 0.245536 0.258929
8 0.674107 0.870536 0.330357 0.258929
8 0.198661 0.948661 0.263393 0.102679
8 0.033482 0.912946 0.058036 0.174107
