4 0.506696 0.506696 0.504464 0.468750
4 0.104911 0.767857 0.129464 0.098214
8 0.399554 0.165179 0.191964 0.232143
8 0.633929 0.245536 0.276786 0.232143
8 0.763393 0.122768 0.250000 0.236607
8 0.959821 0.107143 0.080357 0.205357
8 0.093750 0.075893 0.178571 0.142857
8 0.207589 0.341518 0.218750 0.236607
8 0.093750 0.475446 0.178571 0.236607
8 0.029018 0.689732 0.049107 0.191964
8 0.250000 0.712054 0.187500 0.236607
8 0.290179 0.948661 0.196429 0.102679
8 0.734375 0.834821 0.209821 0.196429
8 0.750000 0.647321 0.196429 0.285714
8 0.917411 0.616071 0.165179 0.294643
8 0.928571 0.805804 0.142857 0.254464
