4 0.468750 0.446429 0.491071 0.687500
8 0.102679 0.098214 0.187500 0.187500
8 0.037946 0.252232 0.066964 0.183036
8 0.138393 0.578125 0.258929 0.209821
8 0.261161 0.783482 0.254464 0.227679
8 0.031250 0.725446 0.053571 0.165179
8 0.062500 0.915179 0.116071 0.169643
8 0.167411 0.970982 0.165179 0.058036
8 0.647321 0.877232 0.232143 0.218750
8 0.888393 0.888393 0.223214 0.223214
8 0.926339 0.638393 0.147321 0.196429
8 0.948661 0.466518 0.102679 0.200893
8 0.756696 0.323661 0.227679 0.200893
8 0.622768 0.082589 0.236607 0.156250
8 0.843750 0.109375 0.196429 0.209821
8 0.964286 0.042411 0.071429 0.075893
