4 0.852679 0.531250 0.241071 0.258929
4 0.491071 0.479911 0.482143 0.593750
8 0.667411 0.200893 0.191964 0.187500
8 0.881696 0.075893 0.236607 0.142857
8 0.937500 0.274554 0.125000 0.236607
8 0.950893 0.687500 0.098214 0.214286
8 0.970982 0.901786 0.058036 0.187500
8 0.825893 0.930804 0.196429 0.138393
8 0.785714 0.752232 0.205357 0.209821
8 0.598214 0.823661 0.196429 0.200893
8 0.517857 0.888393 0.187500 0.196429
8 0.375000 0.821429 0.187500 0.205357
8 0.214286 0.908482 0.187500 0.183036
8 0.207589 0.727679 0.218750 0.214286
8 0.051339 0.654018 0.093750 0.245536
8 0.040179 0.875000 0.071429 0.223214
8 0.162946 0.495536 0.200893 0.223214
8 0.051339 0.357143 0.093750 0.232143
8 0.062500 0.151786 0.116071 0.205357
8 0.176339 0.258929 0.183036 0.178571
8 0.243304 0.087054 0.227679 0.165179
8 0.370536 0.265625 0.187500 0.209821
