4 0.513393 0.631696 0.401786 0.736607
4 0.877232 0.535714 0.084821 0.107143
8 0.435268 0.145089 0.236607 0.218750
8 0.229911 0.256696 0.209821 0.218750
8 0.136161 0.073661 0.209821 0.138393
8 0.073661 0.404018 0.138393 0.227679
8 0.142857 0.636161 0.223214 0.218750
8 0.267857 0.861607 0.196429 0.205357
8 0.104911 0.959821 0.183036 0.080357
8 0.738839 0.781250 0.236607 0.223214
8 0.926339 0.881696 0.147321 0.236607
8 0.910714 0.654018 0.178571 0.191964
8 0.689732 0.625000 0.209821 0.223214
8 0.727679 0.272321 0.214286 0.258929
8 0.912946 0.339286 0.174107 0.196429
8 0.904018 0.138393 0.191964 0.205357
