4 0.504464 0.517857 0.544643 0.491071
4 0.330357 0.272321 0.125000 0.098214
8 0.823661 0.149554 0.218750 0.200893
8 0.841518 0.312500 0.218750 0.223214
8 0.933036 0.102679 0.133929 0.196429
8 0.830357 0.017857 0.196429 0.026786
8 0.421875 0.051339 0.227679 0.093750
8 0.214286 0.082589 0.169643 0.156250
8 0.071429 0.069196 0.133929 0.129464
8 0.060268 0.270089 0.111607 0.218750
8 0.216518 0.303571 0.174107 0.187500
8 0.160714 0.488839 0.250000 0.209821
8 0.075893 0.669643 0.142857 0.205357
8 0.073661 0.868304 0.138393 0.200893
8 0.279018 0.868304 0.209821 0.200893
8 0.466518 0.799107 0.218750 0.178571
8 0.562500 0.941964 0.250000 0.116071
8 0.850446 0.875000 0.209821 0.223214
8 0.964286 0.656250 0.071429 0.232143
8 0.852679 0.540179 0.241071 0.258929
