4 0.508929 0.500000 0.366071 0.339286
4 0.629464 0.732143 0.098214 0.098214
8 0.241071 0.245536 0.205357 0.223214
8 0.312500 0.082589 0.258929 0.156250
8 0.160714 0.037946 0.214286 0.066964
8 0.071429 0.279018 0.133929 0.209821
8 0.089286 0.493304 0.169643 0.218750
8 0.220982 0.582589 0.183036 0.236607
8 0.082589 0.685268 0.156250 0.227679
8 0.305804 0.763393 0.227679 0.187500
8 0.444196 0.779018 0.209821 0.191964
8 0.642857 0.852679 0.205357 0.178571
8 0.712054 0.955357 0.191964 0.089286
8 0.917411 0.888393 0.165179 0.223214
8 0.408482 0.944196 0.236607 0.111607
8 0.814732 0.506696 0.200893 0.209821
8 0.883929 0.350446 0.214286 0.209821
8 0.908482 0.187500 0.183036 0.178571
8 0.589286 0.098214 0.250000 0.187500
