4 0.459821 0.515625 0.553571 0.531250
8 0.167411 0.290179 0.200893 0.214286
8 0.078125 0.441964 0.147321 0.196429
8 0.104911 0.091518 0.200893 0.174107
8 0.187500 0.051339 0.205357 0.093750
8 0.388393 0.064732 0.169643 0.120536
8 0.390625 0.212054 0.209821 0.227679
8 0.631696 0.169643 0.200893 0.214286
8 0.580357 0.064732 0.196429 0.120536
8 0.783482 0.075893 0.191964 0.142857
8 0.912946 0.214286 0.174107 0.223214
8 0.763393 0.390625 0.214286 0.236607
8 0.933036 0.475446 0.133929 0.209821
8 0.899554 0.734375 0.200893 0.218750
8 0.741071 0.662946 0.205357 0.236607
8 0.792411 0.912946 0.200893 0.174107
8 0.464286 0.834821 0.276786 0.196429
8 0.285714 0.866071 0.214286 0.214286
8 0.383929 0.959821 0.223214 0.080357
8 0.051339 0.772321 0.093750 0.214286
8 0.095982 0.935268 0.183036 0.129464
