4 0.497768 0.502232 0.468750 0.415179
4 0.138393 0.647321 0.080357 0.098214
8 0.321429 0.154018 0.205357 0.209821
8 0.113839 0.102679 0.200893 0.196429
8 0.183036 0.379464 0.223214 0.205357
8 0.095982 0.765625 0.183036 0.209821
8 0.287946 0.805804 0.174107 0.209821
8 0.379464 0.781250 0.151786 0.232143
8 0.582589 0.850446 0.236607 0.245536
8 0.805804 0.832589 0.227679 0.254464
8 0.950893 0.921875 0.098214 0.156250
8 0.828125 0.618304 0.191964 0.200893
8 0.823661 0.390625 0.218750 0.200893
8 0.883929 0.176339 0.214286 0.209821
8 0.587054 0.062500 0.227679 0.116071
8 0.473214 0.040179 0.223214 0.071429
