4 0.497768 0.517857 0.629464 0.633929
4 0.642857 0.975446 0.151786 0.049107
4 0.084821 0.812500 0.062500 0.062500
8 0.109375 0.151786 0.209821 0.178571
8 0.348214 0.180804 0.258929 0.227679
8 0.247768 0.040179 0.272321 0.071429
8 0.522321 0.087054 0.258929 0.165179
8 0.781250 0.060268 0.232143 0.111607
8 0.948661 0.100446 0.102679 0.191964
8 0.830357 0.305804 0.258929 0.272321
8 0.933036 0.718750 0.133929 0.267857
8 0.841518 0.964286 0.218750 0.071429
8 0.314732 0.850446 0.254464 0.272321
8 0.232143 0.631696 0.151786 0.245536
8 0.093750 0.595982 0.178571 0.245536
8 0.091518 0.872768 0.174107 0.254464
8 0.122768 0.375000 0.236607 0.241071
