4 0.497768 0.526786 0.450893 0.464286
8 0.741071 0.095982 0.223214 0.183036
8 0.718750 0.185268 0.232143 0.200893
8 0.935268 0.341518 0.129464 0.209821
8 0.883929 0.506696 0.223214 0.218750
8 0.946429 0.620536 0.107143 0.205357
8 0.779018 0.720982 0.218750 0.236607
8 0.861607 0.770089 0.214286 0.209821
8 0.899554 0.939732 0.200893 0.120536
8 0.562500 0.837054 0.205357 0.183036
8 0.475446 0.877232 0.200893 0.191964
8 0.196429 0.834821 0.241071 0.214286
8 0.064732 0.941964 0.120536 0.116071
8 0.082589 0.636161 0.156250 0.200893
8 0.265625 0.598214 0.218750 0.223214
8 0.078125 0.466518 0.147321 0.183036
8 0.111607 0.292411 0.214286 0.218750
