4 0.495536 0.508929 0.473214 0.526786
8 0.430804 0.127232 0.254464 0.218750
8 0.093750 0.044643 0.178571 0.080357
8 0.053571 0.165179 0.098214 0.178571
8 0.058036 0.370536 0.107143 0.232143
8 0.149554 0.479911 0.245536 0.218750
8 0.113839 0.727679 0.218750 0.250000
8 0.055804 0.917411 0.102679 0.165179
8 0.296875 0.843750 0.218750 0.205357
8 0.430804 0.892857 0.183036 0.187500
8 0.247768 0.975446 0.191964 0.049107
8 0.631696 0.814732 0.227679 0.236607
8 0.843750 0.756696 0.187500 0.236607
8 0.970982 0.801339 0.058036 0.191964
8 0.857143 0.939732 0.250000 0.120536
8 0.790179 0.542411 0.205357 0.218750
8 0.848214 0.310268 0.205357 0.281250
8 0.899554 0.102679 0.200893 0.196429
8 0.598214 0.055804 0.232143 0.102679
8 0.977679 0.341518 0.044643 0.174107
