4 0.500000 0.513393 0.455357 0.508929
8 0.116071 0.392857 0.223214 0.178571
8 0.127232 0.308036 0.209821 0.151786
8 0.129464 0.162946 0.223214 0.218750
8 0.162946 0.078125 0.218750 0.147321
8 0.325893 0.220982 0.214286 0.200893
8 0.368304 0.049107 0.209821 0.089286
8 0.584821 0.100446 0.223214 0.191964
8 0.772321 0.029018 0.151786 0.049107
8 0.924107 0.075893 0.151786 0.142857
8 0.861607 0.502232 0.232143 0.209821
8 0.944196 0.691964 0.111607 0.241071
8 0.790179 0.770089 0.214286 0.174107
8 0.812500 0.870536 0.267857 0.169643
8 0.571429 0.796875 0.223214 0.209821
8 0.129464 0.745536 0.223214 0.214286
8 0.055804 0.741071 0.102679 0.187500
8 0.058036 0.921875 0.107143 0.156250
8 0.229911 0.941964 0.191964 0.116071
