4 0.511161 0.553571 0.522321 0.500000
8 0.218750 0.281250 0.169643 0.151786
8 0.176339 0.417411 0.209821 0.191964
8 0.165179 0.671875 0.187500 0.236607
8 0.051339 0.776786 0.093750 0.214286
8 0.026786 0.227679 0.044643 0.178571
8 0.095982 0.100446 0.165179 0.191964
8 0.316964 0.044643 0.187500 0.080357
8 0.560268 0.051339 0.191964 0.093750
8 0.694196 0.125000 0.209821 0.187500
8 0.866071 0.241071 0.223214 0.267857
8 0.970982 0.089286 0.058036 0.169643
8 0.941964 0.526786 0.116071 0.258929
8 0.803571 0.560268 0.169643 0.254464
8 0.698661 0.774554 0.200893 0.200893
8 0.937500 0.928571 0.125000 0.142857
8 0.564732 0.816964 0.227679 0.196429
8 0.419643 0.935268 0.250000 0.129464
