4 0.522321 0.493304 0.526786 0.584821
8 0.763393 0.227679 0.169643 0.214286
8 0.808036 0.430804 0.196429 0.191964
8 0.928571 0.404018 0.142857 0.183036
8 0.946429 0.520089 0.107143 0.165179
8 0.970982 0.642857 0.058036 0.187500
8 0.915179 0.839286 0.169643 0.187500
8 0.930804 0.921875 0.138393 0.156250
8 0.691964 0.950893 0.205357 0.098214
8 0.808036 0.647321 0.178571 0.151786
8 0.964286 0.205357 0.071429 0.169643
8 0.962054 0.053571 0.075893 0.098214
8 0.803571 0.060268 0.196429 0.111607
8 0.301339 0.060268 0.209821 0.111607
8 0.390625 0.049107 0.209821 0.089286
8 0.100446 0.102679 0.191964 0.196429
8 0.078125 0.424107 0.147321 0.187500
8 0.154018 0.524554 0.200893 0.191964
8 0.189732 0.720982 0.156250 0.183036
8 0.372768 0.767857 0.191964 0.196429
8 0.136161 0.767857 0.200893 0.196429
8 0.377232 0.912946 0.174107 0.156250
8 0.444196 0.946429 0.183036 0.107143
