4 0.488839 0.513393 0.424107 0.455357
4 0.776786 0.765625 0.044643 0.058036
8 0.580357 0.823661 0.169643 0.200893
8 0.774554 0.745536 0.200893 0.187500
8 0.899554 0.515625 0.191964 0.200893
8 0.959821 0.801339 0.080357 0.209821
8 0.915179 0.966518 0.169643 0.066964
8 0.678571 0.970982 0.187500 0.058036
8 0.386161 0.901786 0.200893 0.196429
8 0.294643 0.832589 0.232143 0.218750
8 0.113839 0.725446 0.191964 0.209821
8 0.064732 0.970982 0.120536 0.058036
8 0.111607 0.502232 0.214286 0.200893
8 0.051339 0.254464 0.093750 0.241071
8 0.104911 0.073661 0.200893 0.138393
8 0.220982 0.042411 0.183036 0.075893
8 0.341518 0.136161 0.209821 0.218750
8 0.234375 0.339286 0.209821 0.196429
8 0.649554 0.171875 0.209821 0.209821
8 0.859375 0.169643 0.191964 0.214286
8 0.955357 0.312500 0.089286 0.223214
