4 0.250000 0.479911 0.080357 0.102679
4 0.506696 0.502232 0.397321 0.504464
8 0.944196 0.390625 0.111607 0.218750
8 0.921875 0.685268 0.156250 0.200893
8 0.754464 0.930804 0.196429 0.138393
8 0.703125 0.881696 0.218750 0.174107
8 0.517857 0.921875 0.205357 0.156250
8 0.113839 0.558036 0.209821 0.241071
8 0.060268 0.620536 0.111607 0.232143
8 0.111607 0.870536 0.214286 0.214286
8 0.026786 0.379464 0.044643 0.196429
8 0.084821 0.270089 0.160714 0.218750
8 0.060268 0.078125 0.111607 0.147321
8 0.263393 0.162946 0.187500 0.191964
8 0.372768 0.200893 0.174107 0.241071
8 0.691964 0.174107 0.196429 0.196429
8 0.906250 0.162946 0.187500 0.227679
