4 0.520089 0.517857 0.450893 0.464286
4 0.953125 0.299107 0.093750 0.160714
8 0.404018 0.149554 0.218750 0.236607
8 0.854911 0.399554 0.227679 0.236607
8 0.866071 0.111607 0.214286 0.214286
8 0.662946 0.058036 0.191964 0.107143
8 0.147321 0.035714 0.214286 0.062500
8 0.044643 0.466518 0.080357 0.209821
8 0.185268 0.618304 0.191964 0.272321
8 0.069196 0.738839 0.129464 0.227679
8 0.174107 0.908482 0.223214 0.183036
8 0.348214 0.776786 0.232143 0.276786
8 0.573661 0.837054 0.209821 0.209821
8 0.698661 0.955357 0.183036 0.089286
8 0.870536 0.845982 0.241071 0.200893
