4 0.698661 0.285714 0.111607 0.062500
4 0.511161 0.513393 0.415179 0.473214
8 0.816964 0.354911 0.196429 0.218750
8 0.899554 0.453125 0.191964 0.165179
8 0.939732 0.638393 0.120536 0.187500
8 0.770089 0.767857 0.174107 0.223214
8 0.750000 0.955357 0.223214 0.089286
8 0.957589 0.241071 0.084821 0.205357
8 0.756696 0.147321 0.245536 0.169643
8 0.468750 0.171875 0.250000 0.183036
8 0.149554 0.258929 0.156250 0.250000
8 0.069196 0.323661 0.129464 0.200893
8 0.044643 0.116071 0.080357 0.196429
8 0.107143 0.705357 0.196429 0.187500
8 0.042411 0.676339 0.075893 0.191964
8 0.127232 0.901786 0.236607 0.196429
