4 0.513393 0.515625 0.491071 0.459821
4 0.723214 0.299107 0.125000 0.107143
8 0.345982 0.100446 0.191964 0.191964
8 0.165179 0.042411 0.160714 0.075893
8 0.573661 0.058036 0.236607 0.107143
8 0.767857 0.120536 0.205357 0.187500
8 0.910714 0.049107 0.178571 0.089286
8 0.962054 0.220982 0.075893 0.209821
8 0.852679 0.328125 0.205357 0.218750
8 0.834821 0.651786 0.232143 0.214286
8 0.910714 0.877232 0.178571 0.245536
8 0.968750 0.794643 0.062500 0.241071
8 0.707589 0.897321 0.245536 0.205357
8 0.488839 0.966518 0.218750 0.066964
8 0.232143 0.959821 0.258929 0.080357
8 0.377232 0.821429 0.254464 0.205357
8 0.129464 0.734375 0.205357 0.236607
8 0.122768 0.482143 0.236607 0.250000
8 0.084821 0.332589 0.142857 0.236607
8 0.037946 0.308036 0.066964 0.187500
