4 0.080357 0.089286 0.098214 0.107143
4 0.508929 0.497768 0.500000 0.611607
4 0.426339 0.970982 0.084821 0.058036
8 0.140625 0.267857 0.227679 0.223214
8 0.187500 0.196429 0.205357 0.205357
8 0.386161 0.125000 0.183036 0.241071
8 0.636161 0.113839 0.209821 0.218750
8 0.908482 0.064732 0.183036 0.120536
8 0.879464 0.363839 0.241071 0.227679
8 0.785714 0.464286 0.205357 0.214286
8 0.816964 0.725446 0.214286 0.200893
8 0.968750 0.700893 0.062500 0.196429
8 0.828125 0.919643 0.218750 0.160714
8 0.587054 0.941964 0.209821 0.116071
8 0.232143 0.904018 0.276786 0.191964
8 0.149554 0.633929 0.218750 0.187500
8 0.098214 0.578125 0.187500 0.263393
8 0.026786 0.875000 0.044643 0.169643
