4 0.513393 0.549107 0.660714 0.553571
4 0.698661 0.959821 0.138393 0.080357
4 0.107143 0.037946 0.071429 0.066964
8 0.691964 0.151786 0.205357 0.223214
8 0.870536 0.091518 0.223214 0.174107
8 0.966518 0.241071 0.066964 0.205357
8 0.930804 0.642857 0.138393 0.214286
8 0.620536 0.285714 0.250000 0.223214
8 0.368304 0.216518 0.218750 0.245536
8 0.526786 0.062500 0.205357 0.116071
8 0.220982 0.113839 0.245536 0.218750
8 0.107143 0.584821 0.205357 0.241071
8 0.051339 0.904018 0.093750 0.191964
8 0.328125 0.877232 0.191964 0.227679
8 0.508929 0.899554 0.169643 0.200893
8 0.667411 0.841518 0.236607 0.209821
8 0.852679 0.910714 0.187500 0.178571
