4 0.381696 0.223214 0.120536 0.142857
4 0.504464 0.504464 0.401786 0.491071
8 0.758929 0.089286 0.241071 0.169643
8 0.944196 0.075893 0.111607 0.142857
8 0.767857 0.312500 0.196429 0.223214
8 0.839286 0.533482 0.214286 0.218750
8 0.921875 0.504464 0.156250 0.214286
8 0.761161 0.747768 0.200893 0.218750
8 0.861607 0.750000 0.178571 0.205357
8 0.875000 0.964286 0.178571 0.071429
8 0.979911 0.906250 0.040179 0.133929
8 0.656250 0.979911 0.133929 0.040179
8 0.555804 0.843750 0.227679 0.205357
8 0.323661 0.776786 0.209821 0.214286
8 0.100446 0.799107 0.191964 0.205357
8 0.064732 0.950893 0.120536 0.098214
8 0.145089 0.591518 0.218750 0.174107
8 0.232143 0.354911 0.232143 0.227679
8 0.495536 0.191964 0.205357 0.169643
8 0.104911 0.165179 0.200893 0.196429
8 0.256696 0.069196 0.227679 0.129464
