5 0.497768 0.511161 0.254464 0.227679
8 0.750000 0.357143 0.214286 0.250000
8 0.910714 0.468750 0.178571 0.232143
8 0.883929 0.729911 0.232143 0.272321
8 0.808036 0.828125 0.258929 0.200893
8 0.926339 0.937500 0.147321 0.125000
8 0.674107 0.620536 0.205357 0.196429
8 0.533482 0.758929 0.254464 0.267857
8 0.636161 0.919643 0.174107 0.160714
8 0.462054 0.950893 0.183036 0.098214
8 0.350446 0.854911 0.191964 0.227679
8 0.256696 0.767857 0.191964 0.205357
8 0.087054 0.716518 0.165179 0.209821
8 0.178571 0.944196 0.205357 0.111607
8 0.046875 0.939732 0.084821 0.120536
8 0.178571 0.551339 0.214286 0.209821
8 0.323661 0.408482 0.218750 0.218750
8 0.542411 0.272321 0.236607 0.214286
8 0.345982 0.198661 0.209821 0.200893
8 0.337054 0.049107 0.209821 0.089286
8 0.542411 0.078125 0.200893 0.147321
8 0.772321 0.167411 0.205357 0.165179
8 0.716518 0.042411 0.209821 0.075893
8 0.912946 0.087054 0.174107 0.165179
8 0.089286 0.082589 0.169643 0.156250
