5 0.508929 0.508929 0.160714 0.142857
8 0.566964 0.339286 0.214286 0.187500
8 0.734375 0.149554 0.227679 0.218750
8 0.877232 0.084821 0.218750 0.160714
8 0.917411 0.256696 0.165179 0.236607
8 0.899554 0.453125 0.200893 0.200893
8 0.834821 0.654018 0.250000 0.254464
8 0.787946 0.825893 0.245536 0.205357
8 0.933036 0.928571 0.133929 0.142857
8 0.562500 0.745536 0.250000 0.187500
8 0.437500 0.669643 0.241071 0.223214
8 0.294643 0.819196 0.250000 0.209821
8 0.109375 0.687500 0.209821 0.205357
8 0.046875 0.863839 0.084821 0.236607
8 0.466518 0.935268 0.227679 0.129464
8 0.357143 0.419643 0.187500 0.250000
8 0.125000 0.363839 0.241071 0.236607
8 0.187500 0.162946 0.205357 0.209821
8 0.392857 0.113839 0.232143 0.218750
8 0.089286 0.051339 0.169643 0.093750
8 0.629464 0.035714 0.223214 0.062500
