5 0.504464 0.504464 0.178571 0.151786
5 0.647321 0.053571 0.116071 0.098214
5 0.241071 0.631696 0.107143 0.093750
8 0.093750 0.611607 0.178571 0.232143
8 0.303571 0.808036 0.267857 0.223214
8 0.089286 0.959821 0.169643 0.080357
8 0.627232 0.640625 0.209821 0.218750
8 0.696429 0.511161 0.187500 0.236607
8 0.850446 0.707589 0.227679 0.254464
8 0.636161 0.285714 0.254464 0.214286
8 0.805804 0.113839 0.191964 0.209821
8 0.964286 0.205357 0.071429 0.232143
8 0.415179 0.075893 0.205357 0.142857
8 0.107143 0.049107 0.205357 0.089286
8 0.082589 0.227679 0.156250 0.232143
8 0.243304 0.285714 0.200893 0.205357
