5 0.491071 0.506696 0.205357 0.263393
8 0.433036 0.290179 0.267857 0.223214
8 0.783482 0.305804 0.227679 0.218750
8 0.966518 0.383929 0.066964 0.187500
8 0.937500 0.578125 0.125000 0.254464
8 0.776786 0.535714 0.214286 0.250000
8 0.895089 0.765625 0.209821 0.218750
8 0.703125 0.854911 0.227679 0.236607
8 0.629464 0.622768 0.232143 0.254464
8 0.370536 0.629464 0.258929 0.232143
8 0.194196 0.508929 0.218750 0.214286
8 0.049107 0.636161 0.089286 0.227679
8 0.073661 0.828125 0.138393 0.236607
8 0.171875 0.950893 0.209821 0.098214
8 0.285714 0.812500 0.241071 0.267857
8 0.129464 0.258929 0.250000 0.250000
8 0.053571 0.098214 0.098214 0.187500
8 0.274554 0.071429 0.263393 0.133929
8 0.529018 0.109375 0.236607 0.209821
8 0.754464 0.075893 0.267857 0.142857
