5 0.502232 0.511161 0.209821 0.183036
8 0.162946 0.247768 0.227679 0.218750
8 0.305804 0.419643 0.227679 0.205357
8 0.241071 0.712054 0.223214 0.227679
8 0.111607 0.558036 0.214286 0.214286
8 0.354911 0.703125 0.191964 0.254464
8 0.636161 0.736607 0.209821 0.205357
8 0.821429 0.607143 0.241071 0.241071
8 0.950893 0.736607 0.098214 0.178571
8 0.872768 0.937500 0.209821 0.125000
8 0.560268 0.910714 0.200893 0.178571
8 0.165179 0.935268 0.276786 0.129464
8 0.546875 0.305804 0.236607 0.227679
8 0.473214 0.111607 0.232143 0.214286
8 0.810268 0.223214 0.254464 0.223214
8 0.906250 0.069196 0.187500 0.129464
8 0.669643 0.075893 0.241071 0.142857
8 0.084821 0.042411 0.160714 0.075893
8 0.037946 0.299107 0.066964 0.151786
