5 0.486607 0.502232 0.223214 0.209821
8 0.352679 0.299107 0.214286 0.214286
8 0.131696 0.308036 0.200893 0.241071
8 0.162946 0.087054 0.227679 0.165179
8 0.433036 0.098214 0.205357 0.187500
8 0.669643 0.093750 0.214286 0.178571
8 0.850446 0.316964 0.218750 0.241071
8 0.700893 0.491071 0.196429 0.223214
8 0.816964 0.683036 0.223214 0.223214
8 0.975446 0.437500 0.049107 0.196429
8 0.973214 0.075893 0.053571 0.142857
8 0.941964 0.910714 0.116071 0.178571
8 0.727679 0.895089 0.205357 0.209821
8 0.575893 0.970982 0.142857 0.058036
8 0.426339 0.899554 0.254464 0.200893
8 0.209821 0.848214 0.196429 0.223214
8 0.401786 0.689732 0.241071 0.209821
8 0.218750 0.482143 0.241071 0.241071
8 0.015625 0.174107 0.022321 0.142857
8 0.053571 0.598214 0.098214 0.258929
