5 0.504464 0.502232 0.142857 0.138393
5 0.946429 0.613839 0.053571 0.066964
8 0.812500 0.138393 0.196429 0.205357
8 0.950893 0.189732 0.098214 0.218750
8 0.899554 0.388393 0.200893 0.223214
8 0.678571 0.381696 0.214286 0.254464
8 0.618304 0.212054 0.209821 0.227679
8 0.665179 0.611607 0.196429 0.232143
8 0.332589 0.591518 0.227679 0.236607
8 0.102679 0.470982 0.196429 0.245536
8 0.312500 0.310268 0.205357 0.236607
8 0.433036 0.287946 0.196429 0.254464
8 0.162946 0.125000 0.236607 0.232143
8 0.314732 0.044643 0.227679 0.080357
8 0.053571 0.055804 0.098214 0.102679
8 0.093750 0.700893 0.178571 0.205357
8 0.087054 0.832589 0.165179 0.263393
8 0.292411 0.933036 0.200893 0.133929
8 0.477679 0.962054 0.196429 0.075893
8 0.631696 0.895089 0.245536 0.209821
8 0.930804 0.926339 0.138393 0.147321
