5 0.486607 0.515625 0.258929 0.263393
5 0.962054 0.524554 0.075893 0.138393
5 0.127232 0.970982 0.084821 0.058036
8 0.506696 0.294643 0.129464 0.187500
8 0.591518 0.308036 0.165179 0.196429
8 0.872768 0.290179 0.218750 0.223214
8 0.959821 0.129464 0.080357 0.187500
8 0.926339 0.024554 0.147321 0.040179
8 0.607143 0.098214 0.214286 0.187500
8 0.279018 0.127232 0.236607 0.227679
8 0.100446 0.051339 0.191964 0.093750
8 0.029018 0.214286 0.049107 0.178571
8 0.287946 0.379464 0.254464 0.232143
8 0.756696 0.533482 0.236607 0.254464
8 0.848214 0.823661 0.258929 0.236607
8 0.540179 0.691964 0.276786 0.241071
8 0.236607 0.745536 0.223214 0.241071
8 0.087054 0.520089 0.165179 0.245536
8 0.370536 0.912946 0.223214 0.174107
8 0.120536 0.939732 0.232143 0.120536
