5 0.491071 0.618304 0.178571 0.174107
5 0.691964 0.747768 0.098214 0.066964
5 0.758929 0.854911 0.142857 0.147321
5 0.866071 0.830357 0.071429 0.080357
5 0.165179 0.279018 0.053571 0.066964
5 0.462054 0.158482 0.093750 0.084821
5 0.629464 0.162946 0.116071 0.102679
5 0.689732 0.046875 0.138393 0.084821
8 0.232143 0.410714 0.205357 0.232143
8 0.276786 0.589286 0.205357 0.241071
8 0.350446 0.848214 0.227679 0.258929
8 0.229911 0.962054 0.227679 0.075893
8 0.087054 0.720982 0.165179 0.263393
8 0.051339 0.189732 0.093750 0.200893
8 0.160714 0.089286 0.223214 0.169643
8 0.321429 0.111607 0.187500 0.214286
8 0.832589 0.102679 0.236607 0.196429
8 0.734375 0.328125 0.263393 0.263393
8 0.747768 0.524554 0.227679 0.254464
8 0.944196 0.551339 0.111607 0.236607
8 0.872768 0.747768 0.236607 0.236607
8 0.573661 0.776786 0.200893 0.223214
8 0.598214 0.895089 0.187500 0.209821
8 0.832589 0.939732 0.209821 0.120536
