5 0.504464 0.529018 0.187500 0.218750
8 0.511161 0.223214 0.218750 0.205357
8 0.662946 0.446429 0.227679 0.241071
8 0.727679 0.580357 0.205357 0.205357
8 0.756696 0.234375 0.254464 0.254464
8 0.883929 0.102679 0.232143 0.196429
8 0.908482 0.475446 0.183036 0.254464
8 0.935268 0.801339 0.129464 0.209821
8 0.727679 0.828125 0.267857 0.209821
8 0.888393 0.955357 0.223214 0.089286
8 0.667411 0.964286 0.156250 0.071429
8 0.419643 0.727679 0.267857 0.250000
8 0.301339 0.515625 0.200893 0.218750
8 0.209821 0.316964 0.214286 0.232143
8 0.435268 0.069196 0.263393 0.129464
8 0.058036 0.113839 0.107143 0.218750
8 0.044643 0.339286 0.080357 0.187500
8 0.060268 0.564732 0.111607 0.218750
8 0.154018 0.783482 0.227679 0.200893
8 0.087054 0.946429 0.165179 0.107143
8 0.294643 0.948661 0.250000 0.102679
