5 0.506696 0.504464 0.138393 0.169643
8 0.131696 0.665179 0.200893 0.223214
8 0.122768 0.404018 0.236607 0.254464
8 0.040179 0.129464 0.071429 0.196429
8 0.450893 0.287946 0.214286 0.218750
8 0.678571 0.513393 0.187500 0.214286
8 0.866071 0.406250 0.232143 0.232143
8 0.850446 0.174107 0.236607 0.214286
8 0.964286 0.064732 0.071429 0.120536
8 0.736607 0.044643 0.223214 0.080357
8 0.426339 0.066964 0.227679 0.125000
8 0.589286 0.703125 0.214286 0.236607
8 0.881696 0.924107 0.236607 0.151786
8 0.343750 0.819196 0.214286 0.236607
8 0.089286 0.970982 0.169643 0.058036
