5 0.513393 0.500000 0.169643 0.142857
5 0.756696 0.770089 0.058036 0.102679
5 0.957589 0.814732 0.084821 0.120536
8 0.475446 0.294643 0.227679 0.223214
8 0.651786 0.187500 0.205357 0.205357
8 0.883929 0.218750 0.232143 0.258929
8 0.941964 0.120536 0.116071 0.232143
8 0.705357 0.399554 0.258929 0.147321
8 0.861607 0.484375 0.241071 0.236607
8 0.674107 0.622768 0.241071 0.245536
8 0.870536 0.868304 0.178571 0.227679
8 0.948661 0.933036 0.102679 0.133929
8 0.667411 0.881696 0.183036 0.236607
8 0.466518 0.933036 0.200893 0.133929
8 0.354911 0.716518 0.245536 0.245536
8 0.095982 0.714286 0.165179 0.223214
8 0.109375 0.546875 0.209821 0.245536
8 0.308036 0.430804 0.241071 0.227679
8 0.187500 0.917411 0.276786 0.165179
8 0.058036 0.303571 0.107143 0.241071
8 0.138393 0.095982 0.250000 0.183036
