5 0.504464 0.495536 0.205357 0.178571
8 0.321429 0.250000 0.196429 0.196429
8 0.598214 0.198661 0.232143 0.227679
8 0.703125 0.160714 0.218750 0.241071
8 0.732143 0.401786 0.232143 0.241071
8 0.917411 0.479911 0.165179 0.272321
8 0.895089 0.845982 0.209821 0.200893
8 0.950893 0.774554 0.098214 0.236607
8 0.678571 0.714286 0.241071 0.232143
8 0.665179 0.910714 0.250000 0.178571
8 0.437500 0.691964 0.250000 0.250000
8 0.292411 0.479911 0.183036 0.218750
8 0.102679 0.470982 0.196429 0.236607
8 0.151786 0.709821 0.250000 0.258929
8 0.093750 0.930804 0.178571 0.138393
8 0.051339 0.212054 0.093750 0.209821
8 0.154018 0.104911 0.299107 0.200893
