5 0.515625 0.524554 0.191964 0.183036
5 0.066964 0.843750 0.107143 0.107143
5 0.330357 0.127232 0.321429 0.245536
8 0.218750 0.430804 0.232143 0.254464
8 0.066964 0.272321 0.125000 0.223214
8 0.107143 0.078125 0.205357 0.147321
8 0.636161 0.111607 0.227679 0.214286
8 0.841518 0.064732 0.209821 0.120536
8 0.770089 0.270089 0.254464 0.218750
8 0.982143 0.370536 0.035714 0.151786
8 0.908482 0.535714 0.183036 0.250000
8 0.709821 0.495536 0.196429 0.258929
8 0.787946 0.741071 0.272321 0.241071
8 0.537946 0.698661 0.281250 0.218750
8 0.551339 0.892857 0.245536 0.205357
8 0.828125 0.950893 0.236607 0.098214
8 0.254464 0.772321 0.250000 0.241071
8 0.178571 0.962054 0.241071 0.075893
8 0.334821 0.968750 0.205357 0.062500
