5 0.448661 0.446429 0.147321 0.133929
5 0.526786 0.551339 0.142857 0.165179
5 0.761161 0.696429 0.093750 0.107143
5 0.191964 0.535714 0.169643 0.232143
8 0.343750 0.540179 0.169643 0.267857
8 0.426339 0.218750 0.218750 0.196429
8 0.363839 0.069196 0.209821 0.129464
8 0.609375 0.354911 0.236607 0.254464
8 0.908482 0.883929 0.174107 0.232143
8 0.796875 0.899554 0.156250 0.200893
8 0.906250 0.593750 0.187500 0.169643
8 0.825893 0.040179 0.214286 0.071429
8 0.138393 0.941964 0.241071 0.116071
8 0.084821 0.357143 0.160714 0.267857
