5 0.325893 0.587054 0.116071 0.120536
5 0.408482 0.638393 0.084821 0.107143
5 0.500000 0.533482 0.178571 0.183036
5 0.752232 0.160714 0.093750 0.080357
5 0.924107 0.535714 0.151786 0.232143
8 0.308036 0.301339 0.241071 0.227679
8 0.560268 0.287946 0.245536 0.227679
8 0.667411 0.252232 0.236607 0.236607
8 0.743304 0.544643 0.227679 0.241071
8 0.937500 0.709821 0.125000 0.214286
8 0.828125 0.879464 0.218750 0.232143
8 0.609375 0.732143 0.245536 0.241071
8 0.122768 0.453125 0.200893 0.227679
8 0.127232 0.669643 0.245536 0.223214
8 0.138393 0.069196 0.241071 0.129464
