5 0.508929 0.495536 0.187500 0.196429
8 0.658482 0.142857 0.209821 0.205357
8 0.883929 0.162946 0.214286 0.209821
8 0.950893 0.359375 0.098214 0.245536
8 0.955357 0.611607 0.089286 0.223214
8 0.828125 0.767857 0.227679 0.250000
8 0.700893 0.555804 0.241071 0.272321
8 0.604911 0.881696 0.254464 0.236607
8 0.366071 0.674107 0.223214 0.232143
8 0.136161 0.685268 0.263393 0.236607
8 0.127232 0.899554 0.245536 0.200893
8 0.165179 0.397321 0.241071 0.258929
8 0.064732 0.122768 0.120536 0.218750
8 0.162946 0.040179 0.254464 0.071429
