5 0.504464 0.504464 0.151786 0.169643
5 0.388393 0.573661 0.053571 0.084821
5 0.968750 0.698661 0.062500 0.066964
5 0.955357 0.783482 0.071429 0.066964
8 0.687500 0.066964 0.187500 0.125000
8 0.845982 0.187500 0.209821 0.187500
8 0.955357 0.080357 0.089286 0.151786
8 0.633929 0.223214 0.205357 0.187500
8 0.334821 0.216518 0.267857 0.209821
8 0.234375 0.062500 0.218750 0.116071
8 0.078125 0.142857 0.147321 0.223214
8 0.125000 0.337054 0.196429 0.191964
8 0.127232 0.430804 0.183036 0.227679
8 0.323661 0.524554 0.183036 0.227679
8 0.678571 0.609375 0.205357 0.254464
8 0.756696 0.683036 0.209821 0.214286
8 0.899554 0.475446 0.200893 0.183036
8 0.955357 0.537946 0.089286 0.174107
8 0.892857 0.879464 0.196429 0.241071
8 0.758929 0.953125 0.169643 0.093750
8 0.560268 0.930804 0.218750 0.138393
8 0.419643 0.837054 0.214286 0.156250
8 0.426339 0.700893 0.200893 0.196429
8 0.207589 0.714286 0.200893 0.241071
8 0.267857 0.928571 0.196429 0.142857
8 0.062500 0.830357 0.116071 0.205357
