5 0.497768 0.522321 0.209821 0.187500
8 0.345982 0.629464 0.200893 0.214286
8 0.544643 0.194196 0.214286 0.209821
8 0.464286 0.051339 0.232143 0.093750
8 0.886161 0.160714 0.227679 0.241071
8 0.912946 0.379464 0.174107 0.178571
8 0.912946 0.582589 0.174107 0.200893
8 0.973214 0.848214 0.053571 0.187500
8 0.823661 0.946429 0.218750 0.107143
8 0.598214 0.839286 0.223214 0.205357
8 0.676339 0.629464 0.227679 0.241071
8 0.227679 0.281250 0.241071 0.232143
8 0.145089 0.542411 0.200893 0.236607
8 0.053571 0.910714 0.098214 0.178571
