5 0.504464 0.535714 0.160714 0.151786
8 0.531250 0.145089 0.232143 0.236607
8 0.899554 0.158482 0.191964 0.200893
8 0.962054 0.214286 0.075893 0.187500
8 0.924107 0.397321 0.151786 0.169643
8 0.910714 0.506696 0.178571 0.218750
8 0.714286 0.497768 0.223214 0.254464
8 0.930804 0.868304 0.138393 0.227679
8 0.537946 0.734375 0.245536 0.245536
8 0.669643 0.899554 0.214286 0.183036
8 0.600446 0.941964 0.272321 0.116071
8 0.819196 0.957589 0.147321 0.084821
8 0.290179 0.776786 0.214286 0.214286
8 0.243304 0.658482 0.254464 0.227679
8 0.113839 0.892857 0.218750 0.214286
8 0.151786 0.430804 0.214286 0.236607
8 0.348214 0.343750 0.214286 0.214286
8 0.084821 0.258929 0.160714 0.241071
8 0.263393 0.078125 0.258929 0.147321
