5 0.484375 0.513393 0.209821 0.205357
5 0.174107 0.142857 0.125000 0.098214
5 0.332589 0.325893 0.075893 0.053571
8 0.881696 0.366071 0.236607 0.285714
8 0.738839 0.571429 0.272321 0.241071
8 0.680804 0.790179 0.263393 0.241071
8 0.589286 0.859375 0.303571 0.236607
8 0.488839 0.962054 0.218750 0.075893
8 0.939732 0.875000 0.120536 0.250000
8 0.283482 0.520089 0.218750 0.290179
8 0.140625 0.522321 0.218750 0.241071
8 0.118304 0.651786 0.227679 0.241071
8 0.613839 0.091518 0.209821 0.174107
8 0.379464 0.060268 0.258929 0.111607
