5 0.491071 0.515625 0.223214 0.191964
5 0.544643 0.883929 0.053571 0.035714
5 0.821429 0.877232 0.089286 0.111607
8 0.191964 0.142857 0.232143 0.250000
8 0.408482 0.100446 0.209821 0.191964
8 0.419643 0.299107 0.214286 0.223214
8 0.145089 0.381696 0.174107 0.200893
8 0.100446 0.587054 0.191964 0.236607
8 0.167411 0.803571 0.254464 0.214286
8 0.310268 0.683036 0.236607 0.258929
8 0.504464 0.801339 0.223214 0.227679
8 0.729911 0.707589 0.236607 0.245536
8 0.763393 0.526786 0.160714 0.151786
8 0.669643 0.377232 0.232143 0.263393
8 0.776786 0.178571 0.258929 0.232143
8 0.562500 0.037946 0.178571 0.066964
8 0.772321 0.031250 0.196429 0.053571
8 0.087054 0.033482 0.165179 0.058036
8 0.962054 0.100446 0.075893 0.191964
8 0.857143 0.926339 0.232143 0.147321
8 0.962054 0.904018 0.075893 0.191964
8 0.575893 0.953125 0.232143 0.093750
8 0.323661 0.957589 0.227679 0.084821
8 0.089286 0.953125 0.169643 0.093750
