5 0.491071 0.493304 0.160714 0.156250
5 0.772321 0.933036 0.133929 0.125000
5 0.285714 0.236607 0.107143 0.116071
8 0.446429 0.301339 0.241071 0.209821
8 0.473214 0.095982 0.223214 0.183036
8 0.147321 0.408482 0.258929 0.227679
8 0.120536 0.640625 0.232143 0.236607
8 0.095982 0.863839 0.183036 0.218750
8 0.312500 0.886161 0.223214 0.227679
8 0.767857 0.609375 0.232143 0.227679
8 0.948661 0.578125 0.102679 0.209821
8 0.953125 0.919643 0.093750 0.160714
8 0.725446 0.381696 0.263393 0.236607
8 0.917411 0.325893 0.165179 0.241071
8 0.950893 0.104911 0.098214 0.200893
8 0.850446 0.040179 0.218750 0.071429
