5 0.526786 0.551339 0.178571 0.174107
5 0.763393 0.897321 0.107143 0.089286
8 0.803571 0.337054 0.196429 0.245536
8 0.888393 0.531250 0.223214 0.241071
8 0.966518 0.292411 0.066964 0.236607
8 0.859375 0.100446 0.200893 0.191964
8 0.649554 0.100446 0.218750 0.191964
8 0.390625 0.234375 0.245536 0.218750
8 0.087054 0.120536 0.165179 0.232143
8 0.064732 0.377232 0.120536 0.218750
8 0.035714 0.584821 0.062500 0.151786
8 0.247768 0.642857 0.218750 0.205357
8 0.325893 0.450893 0.232143 0.250000
8 0.549107 0.767857 0.223214 0.276786
8 0.332589 0.879464 0.263393 0.241071
8 0.093750 0.752232 0.178571 0.227679
8 0.037946 0.895089 0.066964 0.120536
8 0.082589 0.970982 0.156250 0.058036
8 0.924107 0.946429 0.151786 0.107143
