5 0.455357 0.133929 0.089286 0.062500
5 0.508929 0.515625 0.160714 0.183036
8 0.825893 0.660714 0.241071 0.232143
8 0.950893 0.841518 0.098214 0.200893
8 0.877232 0.390625 0.245536 0.263393
8 0.654018 0.270089 0.209821 0.245536
8 0.441964 0.292411 0.223214 0.227679
8 0.216518 0.180804 0.245536 0.209821
8 0.341518 0.051339 0.183036 0.093750
8 0.899554 0.020089 0.200893 0.031250
8 0.111607 0.529018 0.214286 0.254464
8 0.214286 0.725446 0.223214 0.227679
8 0.522321 0.912946 0.169643 0.174107
8 0.691964 0.868304 0.205357 0.263393
