5 0.495536 0.513393 0.169643 0.205357
5 0.712054 0.381696 0.066964 0.066964
8 0.292411 0.265625 0.218750 0.218750
8 0.433036 0.165179 0.232143 0.232143
8 0.584821 0.296875 0.214286 0.209821
8 0.647321 0.100446 0.232143 0.191964
8 0.899554 0.033482 0.200893 0.058036
8 0.924107 0.502232 0.151786 0.254464
8 0.750000 0.613839 0.241071 0.245536
8 0.602679 0.770089 0.258929 0.263393
8 0.685268 0.935268 0.227679 0.129464
8 0.395089 0.658482 0.209821 0.209821
8 0.205357 0.776786 0.232143 0.241071
8 0.062500 0.671875 0.116071 0.227679
8 0.087054 0.928571 0.165179 0.142857
8 0.033482 0.441964 0.058036 0.214286
8 0.084821 0.189732 0.160714 0.236607
8 0.212054 0.069196 0.218750 0.129464
8 0.055804 0.031250 0.102679 0.053571
