5 0.522321 0.508929 0.267857 0.214286
5 0.852679 0.194196 0.133929 0.093750
8 0.111607 0.118304 0.214286 0.209821
8 0.444196 0.073661 0.245536 0.138393
8 0.671875 0.060268 0.218750 0.111607
8 0.629464 0.258929 0.196429 0.294643
8 0.772321 0.285714 0.205357 0.276786
8 0.921875 0.381696 0.156250 0.254464
8 0.415179 0.252232 0.241071 0.236607
8 0.252232 0.399554 0.209821 0.281250
8 0.087054 0.357143 0.165179 0.258929
8 0.049107 0.595982 0.089286 0.191964
8 0.176339 0.660714 0.218750 0.258929
8 0.158482 0.854911 0.263393 0.227679
8 0.386161 0.743304 0.218750 0.218750
8 0.441964 0.665179 0.232143 0.196429
8 0.671875 0.654018 0.254464 0.254464
8 0.897321 0.689732 0.205357 0.236607
8 0.948661 0.895089 0.102679 0.209821
8 0.785714 0.845982 0.223214 0.227679
8 0.611607 0.910714 0.214286 0.178571
8 0.388393 0.906250 0.250000 0.187500
