5 0.540179 0.493304 0.205357 0.218750
8 0.359375 0.292411 0.245536 0.245536
8 0.647321 0.370536 0.276786 0.258929
8 0.750000 0.607143 0.214286 0.267857
8 0.933036 0.535714 0.133929 0.276786
8 0.830357 0.921875 0.250000 0.156250
8 0.602679 0.962054 0.178571 0.075893
8 0.328125 0.924107 0.299107 0.151786
8 0.294643 0.633929 0.223214 0.339286
8 0.517857 0.633929 0.258929 0.223214
8 0.107143 0.725446 0.205357 0.236607
8 0.037946 0.580357 0.066964 0.169643
8 0.098214 0.410714 0.187500 0.241071
8 0.147321 0.158482 0.214286 0.245536
8 0.475446 0.071429 0.272321 0.133929
8 0.640625 0.131696 0.227679 0.209821
8 0.852679 0.285714 0.214286 0.285714
8 0.959821 0.223214 0.080357 0.258929
