5 0.515625 0.513393 0.200893 0.205357
5 0.435268 0.848214 0.147321 0.125000
8 0.598214 0.321429 0.214286 0.214286
8 0.511161 0.122768 0.218750 0.191964
8 0.854911 0.191964 0.254464 0.232143
8 0.933036 0.395089 0.133929 0.227679
8 0.883929 0.024554 0.178571 0.040179
8 0.633929 0.026786 0.214286 0.044643
8 0.352679 0.022321 0.205357 0.035714
8 0.111607 0.062500 0.214286 0.116071
8 0.301339 0.198661 0.218750 0.191964
8 0.196429 0.283482 0.223214 0.254464
8 0.140625 0.589286 0.200893 0.258929
8 0.357143 0.638393 0.196429 0.241071
8 0.274554 0.808036 0.227679 0.232143
8 0.095982 0.919643 0.183036 0.160714
8 0.508929 0.921875 0.223214 0.156250
8 0.718750 0.933036 0.205357 0.133929
8 0.921875 0.886161 0.156250 0.227679
