5 0.500000 0.533482 0.214286 0.200893
5 0.361607 0.033482 0.178571 0.058036
8 0.529018 0.214286 0.254464 0.196429
8 0.535714 0.058036 0.223214 0.107143
8 0.754464 0.267857 0.232143 0.285714
8 0.939732 0.227679 0.120536 0.250000
8 0.944196 0.040179 0.111607 0.071429
8 0.174107 0.147321 0.267857 0.241071
8 0.029018 0.051339 0.049107 0.093750
8 0.330357 0.348214 0.303571 0.223214
8 0.258929 0.694196 0.232143 0.254464
8 0.075893 0.734375 0.142857 0.218750
8 0.071429 0.886161 0.133929 0.227679
8 0.234375 0.908482 0.218750 0.183036
8 0.462054 0.848214 0.227679 0.232143
8 0.658482 0.750000 0.236607 0.205357
8 0.734375 0.535714 0.227679 0.250000
8 0.937500 0.600446 0.125000 0.308036
8 0.941964 0.890625 0.116071 0.218750
8 0.790179 0.959821 0.205357 0.080357
