5 0.491071 0.546875 0.214286 0.209821
8 0.781250 0.229911 0.214286 0.227679
8 0.910714 0.446429 0.178571 0.258929
8 0.799107 0.642857 0.223214 0.241071
8 0.930804 0.861607 0.138393 0.214286
8 0.810268 0.928571 0.245536 0.142857
8 0.604911 0.848214 0.245536 0.214286
8 0.593750 0.712054 0.223214 0.209821
8 0.363839 0.843750 0.227679 0.250000
8 0.236607 0.964286 0.169643 0.071429
8 0.116071 0.859375 0.223214 0.236607
8 0.042411 0.941964 0.075893 0.116071
8 0.078125 0.647321 0.147321 0.223214
8 0.229911 0.600446 0.183036 0.183036
8 0.287946 0.500000 0.236607 0.241071
8 0.055804 0.424107 0.102679 0.214286
8 0.441964 0.321429 0.196429 0.232143
8 0.640625 0.305804 0.209821 0.227679
8 0.939732 0.140625 0.120536 0.183036
8 0.910714 0.037946 0.178571 0.066964
8 0.366071 0.080357 0.267857 0.151786
