5 0.500000 0.493304 0.232143 0.191964
8 0.468750 0.095982 0.205357 0.183036
8 0.357143 0.325893 0.223214 0.187500
8 0.312500 0.419643 0.178571 0.258929
8 0.140625 0.339286 0.200893 0.214286
8 0.194196 0.113839 0.254464 0.218750
8 0.029018 0.125000 0.049107 0.205357
8 0.709821 0.345982 0.241071 0.245536
8 0.930804 0.290179 0.138393 0.241071
8 0.656250 0.598214 0.241071 0.214286
8 0.808036 0.723214 0.214286 0.232143
8 0.765625 0.928571 0.263393 0.142857
8 0.401786 0.671875 0.232143 0.245536
8 0.299107 0.868304 0.223214 0.227679
8 0.118304 0.774554 0.209821 0.218750
