5 0.508929 0.504464 0.232143 0.169643
8 0.569196 0.323661 0.191964 0.218750
8 0.783482 0.410714 0.209821 0.223214
8 0.921875 0.696429 0.156250 0.294643
8 0.609375 0.642857 0.227679 0.241071
8 0.412946 0.723214 0.263393 0.250000
8 0.245536 0.866071 0.196429 0.267857
8 0.138393 0.970982 0.098214 0.058036
8 0.031250 0.953125 0.053571 0.093750
8 0.049107 0.683036 0.089286 0.205357
8 0.631696 0.892857 0.263393 0.214286
8 0.345982 0.352679 0.227679 0.250000
8 0.154018 0.200893 0.227679 0.232143
8 0.319196 0.058036 0.227679 0.107143
8 0.555804 0.073661 0.236607 0.138393
8 0.770089 0.154018 0.218750 0.272321
8 0.919643 0.055804 0.160714 0.102679
