5 0.495536 0.495536 0.169643 0.205357
5 0.611607 0.412946 0.089286 0.084821
8 0.283482 0.553571 0.236607 0.169643
8 0.337054 0.720982 0.254464 0.209821
8 0.107143 0.752232 0.205357 0.200893
8 0.031250 0.595982 0.053571 0.174107
8 0.046875 0.279018 0.084821 0.227679
8 0.100446 0.093750 0.191964 0.178571
8 0.207589 0.343750 0.209821 0.214286
8 0.354911 0.194196 0.209821 0.191964
8 0.334821 0.116071 0.196429 0.187500
8 0.558036 0.131696 0.169643 0.218750
8 0.738839 0.147321 0.191964 0.214286
8 0.794643 0.026786 0.196429 0.044643
8 0.258929 0.029018 0.160714 0.049107
8 0.933036 0.341518 0.133929 0.209821
8 0.944196 0.555804 0.111607 0.218750
8 0.845982 0.736607 0.218750 0.187500
8 0.850446 0.924107 0.218750 0.151786
8 0.790179 0.939732 0.178571 0.120536
8 0.591518 0.892857 0.245536 0.187500
8 0.549107 0.761161 0.214286 0.191964
8 0.116071 0.953125 0.223214 0.093750
