5 0.508929 0.500000 0.214286 0.214286
8 0.709821 0.524554 0.250000 0.209821
8 0.720982 0.334821 0.236607 0.258929
8 0.799107 0.140625 0.232143 0.209821
8 0.926339 0.285714 0.147321 0.267857
8 0.950893 0.645089 0.098214 0.209821
8 0.912946 0.868304 0.174107 0.236607
8 0.674107 0.883929 0.241071 0.232143
8 0.464286 0.794643 0.285714 0.223214
8 0.462054 0.656250 0.263393 0.151786
8 0.205357 0.696429 0.241071 0.205357
8 0.209821 0.575893 0.214286 0.178571
8 0.049107 0.562500 0.089286 0.232143
8 0.254464 0.368304 0.214286 0.227679
8 0.383929 0.368304 0.196429 0.236607
8 0.107143 0.252232 0.205357 0.218750
8 0.205357 0.176339 0.196429 0.209821
8 0.064732 0.073661 0.120536 0.138393
8 0.439732 0.078125 0.200893 0.147321
8 0.555804 0.087054 0.209821 0.165179
8 0.089286 0.868304 0.169643 0.254464
