5 0.500000 0.537946 0.196429 0.191964
8 0.142857 0.388393 0.250000 0.232143
8 0.073661 0.100446 0.138393 0.191964
8 0.183036 0.073661 0.214286 0.138393
8 0.401786 0.071429 0.214286 0.133929
8 0.475446 0.162946 0.227679 0.245536
8 0.647321 0.069196 0.187500 0.129464
8 0.863839 0.084821 0.191964 0.160714
8 0.770089 0.357143 0.281250 0.196429
8 0.754464 0.575893 0.241071 0.205357
8 0.941964 0.852679 0.116071 0.250000
8 0.808036 0.930804 0.196429 0.138393
8 0.631696 0.745536 0.191964 0.232143
8 0.446429 0.741071 0.205357 0.232143
8 0.232143 0.933036 0.258929 0.133929
8 0.084821 0.834821 0.160714 0.241071
8 0.558036 0.946429 0.241071 0.107143
