5 0.513393 0.520089 0.223214 0.200893
5 0.575893 0.774554 0.107143 0.084821
5 0.020089 0.410714 0.031250 0.089286
5 0.325893 0.895089 0.116071 0.102679
5 0.892857 0.830357 0.142857 0.125000
8 0.897321 0.218750 0.205357 0.214286
8 0.919643 0.441964 0.160714 0.214286
8 0.819196 0.667411 0.254464 0.236607
8 0.975446 0.776786 0.049107 0.178571
8 0.843750 0.944196 0.205357 0.111607
8 0.524554 0.924107 0.227679 0.151786
8 0.417411 0.716518 0.227679 0.236607
8 0.261161 0.522321 0.227679 0.258929
8 0.131696 0.212054 0.254464 0.245536
8 0.040179 0.062500 0.071429 0.116071
8 0.484375 0.107143 0.281250 0.205357
8 0.741071 0.046875 0.223214 0.084821
8 0.575893 0.303571 0.303571 0.241071
8 0.196429 0.758929 0.214286 0.205357
8 0.033482 0.834821 0.058036 0.232143
8 0.040179 0.580357 0.071429 0.214286
8 0.325893 0.968750 0.160714 0.062500
