5 0.511161 0.506696 0.165179 0.200893
5 0.236607 0.399554 0.080357 0.111607
5 0.272321 0.616071 0.062500 0.089286
8 0.562500 0.205357 0.214286 0.223214
8 0.892857 0.392857 0.169643 0.214286
8 0.808036 0.584821 0.214286 0.205357
8 0.595982 0.892857 0.236607 0.214286
8 0.401786 0.654018 0.214286 0.200893
8 0.287946 0.495536 0.227679 0.196429
8 0.194196 0.705357 0.200893 0.196429
8 0.040179 0.569196 0.071429 0.218750
8 0.274554 0.935268 0.227679 0.129464
8 0.263393 0.116071 0.232143 0.214286
8 0.727679 0.049107 0.205357 0.089286
