5 0.517857 0.495536 0.160714 0.196429
8 0.877232 0.395089 0.200893 0.236607
8 0.948661 0.680804 0.102679 0.209821
8 0.970982 0.919643 0.058036 0.160714
8 0.792411 0.910714 0.236607 0.178571
8 0.712054 0.698661 0.218750 0.209821
8 0.488839 0.933036 0.236607 0.133929
8 0.323661 0.638393 0.254464 0.232143
8 0.185268 0.872768 0.183036 0.200893
8 0.024554 0.627232 0.040179 0.165179
8 0.107143 0.343750 0.205357 0.205357
8 0.341518 0.305804 0.227679 0.209821
8 0.502232 0.138393 0.209821 0.223214
8 0.024554 0.071429 0.040179 0.133929
