5 0.495536 0.491071 0.205357 0.196429
5 0.812500 0.080357 0.133929 0.151786
8 0.142857 0.102679 0.214286 0.196429
8 0.089286 0.093750 0.169643 0.178571
8 0.316964 0.040179 0.178571 0.071429
8 0.524554 0.037946 0.200893 0.066964
8 0.622768 0.176339 0.183036 0.227679
8 0.520089 0.125000 0.227679 0.205357
8 0.837054 0.308036 0.218750 0.205357
8 0.917411 0.390625 0.165179 0.245536
8 0.937500 0.147321 0.125000 0.223214
8 0.850446 0.611607 0.236607 0.258929
8 0.718750 0.502232 0.241071 0.245536
8 0.600446 0.674107 0.218750 0.232143
8 0.526786 0.825893 0.223214 0.214286
8 0.723214 0.921875 0.258929 0.156250
8 0.937500 0.915179 0.125000 0.169643
8 0.330357 0.636161 0.241071 0.245536
8 0.272321 0.888393 0.241071 0.223214
8 0.098214 0.714286 0.187500 0.267857
8 0.084821 0.964286 0.160714 0.071429
8 0.357143 0.354911 0.223214 0.227679
8 0.250000 0.330357 0.223214 0.250000
8 0.111607 0.359375 0.214286 0.263393
