5 0.504464 0.508929 0.178571 0.214286
8 0.479911 0.174107 0.263393 0.214286
8 0.674107 0.069196 0.258929 0.129464
8 0.915179 0.131696 0.169643 0.245536
8 0.879464 0.377232 0.241071 0.218750
8 0.973214 0.535714 0.053571 0.187500
8 0.783482 0.848214 0.272321 0.214286
8 0.448661 0.669643 0.290179 0.232143
8 0.272321 0.772321 0.214286 0.214286
8 0.368304 0.928571 0.236607 0.142857
8 0.089286 0.837054 0.169643 0.263393
8 0.169643 0.593750 0.241071 0.205357
8 0.274554 0.419643 0.263393 0.258929
8 0.225446 0.080357 0.245536 0.151786
8 0.462054 0.026786 0.174107 0.044643
8 0.046875 0.049107 0.084821 0.089286
