5 0.553571 0.292411 0.107143 0.111607
5 0.044643 0.508929 0.080357 0.089286
5 0.933036 0.964286 0.116071 0.071429
5 0.504464 0.537946 0.160714 0.138393
5 0.464286 0.408482 0.142857 0.102679
8 0.437500 0.107143 0.267857 0.205357
8 0.165179 0.042411 0.205357 0.075893
8 0.029018 0.055804 0.049107 0.102679
8 0.127232 0.312500 0.245536 0.232143
8 0.241071 0.526786 0.223214 0.232143
8 0.080357 0.671875 0.151786 0.245536
8 0.205357 0.841518 0.232143 0.254464
8 0.412946 0.924107 0.254464 0.151786
8 0.801339 0.899554 0.227679 0.200893
8 0.683036 0.738839 0.285714 0.183036
8 0.698661 0.526786 0.245536 0.232143
8 0.781250 0.377232 0.241071 0.245536
8 0.948661 0.479911 0.102679 0.245536
8 0.908482 0.258929 0.183036 0.196429
8 0.904018 0.078125 0.191964 0.147321
8 0.665179 0.058036 0.258929 0.107143
