5 0.508929 0.508929 0.169643 0.196429
5 0.638393 0.477679 0.116071 0.133929
5 0.450893 0.953125 0.098214 0.093750
8 0.254464 0.332589 0.232143 0.209821
8 0.294643 0.191964 0.178571 0.205357
8 0.100446 0.194196 0.191964 0.183036
8 0.062500 0.113839 0.116071 0.183036
8 0.035714 0.694196 0.062500 0.200893
8 0.071429 0.616071 0.133929 0.187500
8 0.267857 0.725446 0.178571 0.209821
8 0.261161 0.899554 0.209821 0.191964
8 0.299107 0.524554 0.232143 0.218750
8 0.604911 0.915179 0.191964 0.169643
8 0.912946 0.888393 0.174107 0.223214
8 0.825893 0.712054 0.223214 0.227679
8 0.691964 0.600446 0.223214 0.200893
8 0.792411 0.406250 0.191964 0.232143
8 0.970982 0.645089 0.058036 0.200893
8 0.973214 0.343750 0.053571 0.205357
8 0.937500 0.129464 0.125000 0.250000
8 0.511161 0.051339 0.245536 0.093750
