5 0.388393 0.087054 0.080357 0.102679
5 0.524554 0.118304 0.165179 0.174107
5 0.738839 0.261161 0.102679 0.165179
5 0.850446 0.437500 0.075893 0.089286
5 0.147321 0.756696 0.151786 0.183036
5 0.446429 0.875000 0.089286 0.098214
5 0.912946 0.933036 0.075893 0.089286
8 0.805804 0.078125 0.254464 0.147321
8 0.955357 0.290179 0.089286 0.241071
8 0.857143 0.676339 0.205357 0.218750
8 0.718750 0.464286 0.223214 0.232143
8 0.508929 0.294643 0.196429 0.232143
8 0.348214 0.426339 0.258929 0.245536
8 0.104911 0.194196 0.200893 0.236607
8 0.125000 0.035714 0.214286 0.062500
8 0.310268 0.026786 0.183036 0.044643
8 0.589286 0.642857 0.214286 0.187500
8 0.361607 0.678571 0.258929 0.267857
8 0.078125 0.535714 0.147321 0.241071
8 0.042411 0.649554 0.075893 0.200893
8 0.323661 0.944196 0.200893 0.111607
8 0.520089 0.908482 0.218750 0.183036
