5 0.497768 0.502232 0.227679 0.191964
8 0.792411 0.118304 0.209821 0.218750
8 0.861607 0.053571 0.241071 0.098214
8 0.946429 0.214286 0.107143 0.241071
8 0.707589 0.368304 0.245536 0.200893
8 0.890625 0.526786 0.218750 0.250000
8 0.966518 0.723214 0.066964 0.205357
8 0.959821 0.928571 0.080357 0.142857
8 0.794643 0.832589 0.214286 0.218750
8 0.683036 0.584821 0.178571 0.241071
8 0.321429 0.404018 0.133929 0.281250
8 0.526786 0.203125 0.258929 0.209821
8 0.406250 0.055804 0.196429 0.102679
8 0.174107 0.109375 0.250000 0.209821
8 0.147321 0.575893 0.187500 0.258929
8 0.379464 0.685268 0.232143 0.218750
8 0.419643 0.912946 0.250000 0.174107
8 0.497768 0.957589 0.272321 0.084821
8 0.160714 0.821429 0.241071 0.205357
