5 0.357143 0.477679 0.089286 0.080357
5 0.522321 0.508929 0.205357 0.196429
5 0.875000 0.770089 0.116071 0.084821
8 0.250000 0.332589 0.214286 0.272321
8 0.080357 0.372768 0.151786 0.227679
8 0.075893 0.104911 0.142857 0.200893
8 0.250000 0.091518 0.178571 0.174107
8 0.598214 0.171875 0.223214 0.200893
8 0.906250 0.203125 0.187500 0.254464
8 0.948661 0.404018 0.102679 0.200893
8 0.930804 0.497768 0.138393 0.218750
8 0.953125 0.718750 0.093750 0.232143
8 0.678571 0.589286 0.223214 0.241071
8 0.448661 0.683036 0.272321 0.214286
8 0.343750 0.792411 0.205357 0.209821
8 0.484375 0.904018 0.218750 0.191964
8 0.698661 0.926339 0.218750 0.147321
8 0.118304 0.787946 0.227679 0.245536
8 0.051339 0.957589 0.093750 0.084821
