5 0.495536 0.520089 0.125000 0.156250
5 0.600446 0.430804 0.138393 0.147321
8 0.428571 0.232143 0.241071 0.241071
8 0.203125 0.296875 0.218750 0.218750
8 0.104911 0.113839 0.200893 0.218750
8 0.042411 0.401786 0.075893 0.223214
8 0.160714 0.537946 0.241071 0.245536
8 0.343750 0.671875 0.250000 0.272321
8 0.156250 0.812500 0.241071 0.223214
8 0.645089 0.718750 0.236607 0.223214
8 0.821429 0.544643 0.232143 0.223214
8 0.959821 0.765625 0.080357 0.218750
8 0.948661 0.939732 0.102679 0.120536
8 0.662946 0.917411 0.263393 0.165179
8 0.738839 0.305804 0.263393 0.254464
8 0.930804 0.321429 0.138393 0.241071
8 0.868304 0.111607 0.245536 0.214286
8 0.571429 0.087054 0.258929 0.165179
