5 0.450893 0.229911 0.080357 0.075893
5 0.493304 0.515625 0.299107 0.263393
5 0.823661 0.814732 0.111607 0.120536
8 0.116071 0.207589 0.214286 0.218750
8 0.078125 0.169643 0.147321 0.196429
8 0.292411 0.055804 0.218750 0.102679
8 0.529018 0.073661 0.254464 0.138393
8 0.609375 0.187500 0.245536 0.241071
8 0.774554 0.250000 0.209821 0.232143
8 0.852679 0.473214 0.205357 0.178571
8 0.912946 0.428571 0.174107 0.196429
8 0.939732 0.200893 0.120536 0.223214
8 0.848214 0.089286 0.214286 0.169643
8 0.321429 0.303571 0.196429 0.205357
8 0.270089 0.444196 0.218750 0.191964
8 0.227679 0.571429 0.223214 0.214286
8 0.341518 0.761161 0.218750 0.218750
8 0.506696 0.886161 0.191964 0.209821
8 0.732143 0.919643 0.232143 0.160714
8 0.774554 0.669643 0.218750 0.169643
8 0.625000 0.642857 0.214286 0.232143
8 0.270089 0.935268 0.236607 0.129464
