5 0.504464 0.513393 0.169643 0.187500
8 0.203125 0.656250 0.218750 0.241071
8 0.281250 0.462054 0.241071 0.236607
8 0.082589 0.578125 0.156250 0.227679
8 0.037946 0.783482 0.066964 0.183036
8 0.294643 0.917411 0.214286 0.165179
8 0.477679 0.763393 0.232143 0.232143
8 0.709821 0.754464 0.223214 0.232143
8 0.859375 0.888393 0.236607 0.223214
8 0.975446 0.772321 0.049107 0.151786
8 0.863839 0.448661 0.263393 0.236607
8 0.725446 0.524554 0.227679 0.218750
8 0.734375 0.178571 0.218750 0.223214
8 0.819196 0.037946 0.218750 0.066964
8 0.415179 0.236607 0.267857 0.241071
8 0.160714 0.263393 0.205357 0.205357
