5 0.508929 0.511161 0.223214 0.254464
8 0.252232 0.897321 0.200893 0.205357
8 0.075893 0.801339 0.142857 0.245536
8 0.060268 0.540179 0.111607 0.205357
8 0.316964 0.660714 0.241071 0.205357
8 0.656250 0.602679 0.250000 0.250000
8 0.683036 0.859375 0.232143 0.218750
8 0.890625 0.953125 0.218750 0.093750
8 0.500000 0.948661 0.223214 0.102679
8 0.354911 0.415179 0.236607 0.223214
8 0.381696 0.176339 0.272321 0.263393
8 0.120536 0.258929 0.232143 0.241071
8 0.142857 0.075893 0.241071 0.142857
8 0.625000 0.220982 0.205357 0.236607
8 0.868304 0.232143 0.218750 0.232143
