5 0.558036 0.087054 0.142857 0.111607
5 0.071429 0.216518 0.089286 0.075893
5 0.531250 0.500000 0.205357 0.151786
5 0.502232 0.917411 0.111607 0.084821
5 0.441964 0.970982 0.044643 0.058036
8 0.062500 0.111607 0.116071 0.214286
8 0.303571 0.325893 0.276786 0.250000
8 0.191964 0.560268 0.267857 0.227679
8 0.941964 0.600446 0.116071 0.218750
8 0.953125 0.774554 0.093750 0.191964
8 0.933036 0.875000 0.133929 0.205357
8 0.899554 0.386161 0.200893 0.236607
8 0.712054 0.424107 0.209821 0.214286
8 0.770089 0.613839 0.218750 0.218750
8 0.783482 0.087054 0.227679 0.165179
8 0.946429 0.098214 0.107143 0.187500
8 0.524554 0.212054 0.254464 0.218750
8 0.377232 0.734375 0.191964 0.218750
8 0.129464 0.850446 0.250000 0.299107
8 0.051339 0.678571 0.093750 0.223214
