5 0.522321 0.477679 0.267857 0.312500
8 0.205357 0.649554 0.250000 0.272321
8 0.296875 0.575893 0.183036 0.241071
8 0.662946 0.723214 0.245536 0.241071
8 0.745536 0.508929 0.241071 0.241071
8 0.877232 0.415179 0.200893 0.214286
8 0.926339 0.640625 0.147321 0.254464
8 0.401786 0.917411 0.285714 0.165179
8 0.125000 0.919643 0.241071 0.160714
8 0.040179 0.551339 0.071429 0.227679
8 0.037946 0.350446 0.066964 0.191964
8 0.095982 0.174107 0.183036 0.223214
8 0.162946 0.093750 0.200893 0.178571
8 0.343750 0.196429 0.196429 0.205357
8 0.700893 0.147321 0.241071 0.223214
8 0.892857 0.049107 0.205357 0.089286
