5 0.511161 0.551339 0.218750 0.209821
8 0.912946 0.176339 0.174107 0.227679
8 0.910714 0.404018 0.178571 0.209821
8 0.904018 0.022321 0.191964 0.035714
8 0.709821 0.448661 0.187500 0.263393
8 0.627232 0.399554 0.236607 0.200893
8 0.444196 0.294643 0.227679 0.196429
8 0.520089 0.098214 0.218750 0.187500
8 0.276786 0.191964 0.232143 0.258929
8 0.075893 0.198661 0.142857 0.236607
8 0.216518 0.035714 0.183036 0.062500
8 0.053571 0.475446 0.098214 0.227679
8 0.292411 0.453125 0.209821 0.218750
8 0.194196 0.647321 0.245536 0.205357
8 0.395089 0.761161 0.209821 0.218750
8 0.669643 0.705357 0.232143 0.223214
8 0.718750 0.912946 0.232143 0.174107
8 0.491071 0.928571 0.241071 0.142857
8 0.377232 0.977679 0.174107 0.044643
8 0.102679 0.841518 0.196429 0.245536
