5 0.522321 0.493304 0.196429 0.183036
8 0.464286 0.133929 0.214286 0.214286
8 0.691964 0.194196 0.223214 0.218750
8 0.912946 0.229911 0.174107 0.191964
8 0.933036 0.058036 0.133929 0.107143
8 0.071429 0.087054 0.133929 0.165179
8 0.247768 0.225446 0.227679 0.191964
8 0.283482 0.484375 0.191964 0.218750
8 0.082589 0.551339 0.156250 0.263393
8 0.064732 0.872768 0.120536 0.254464
8 0.263393 0.917411 0.214286 0.165179
8 0.491071 0.928571 0.205357 0.142857
8 0.705357 0.926339 0.169643 0.147321
8 0.687500 0.725446 0.232143 0.191964
8 0.875000 0.517857 0.196429 0.196429
