5 0.308036 0.330357 0.080357 0.071429
5 0.136161 0.656250 0.075893 0.089286
5 0.069196 0.799107 0.084821 0.098214
5 0.100446 0.950893 0.093750 0.080357
5 0.229911 0.977679 0.058036 0.044643
5 0.285714 0.622768 0.125000 0.093750
5 0.455357 0.627232 0.089286 0.111607
5 0.868304 0.301339 0.165179 0.120536
5 0.982143 0.185268 0.035714 0.102679
5 0.526786 0.506696 0.178571 0.120536
5 0.375000 0.542411 0.160714 0.129464
8 0.660714 0.234375 0.223214 0.263393
8 0.696429 0.486607 0.241071 0.214286
8 0.937500 0.475446 0.125000 0.236607
8 0.852679 0.796875 0.241071 0.236607
8 0.560268 0.734375 0.227679 0.227679
8 0.560268 0.888393 0.200893 0.205357
8 0.718750 0.953125 0.250000 0.093750
8 0.363839 0.803571 0.200893 0.196429
8 0.212054 0.466518 0.200893 0.200893
8 0.058036 0.566964 0.107143 0.223214
8 0.053571 0.321429 0.098214 0.232143
8 0.453125 0.198661 0.209821 0.218750
8 0.649554 0.049107 0.263393 0.089286
8 0.241071 0.051339 0.232143 0.093750
8 0.107143 0.087054 0.205357 0.165179
