5 0.493304 0.502232 0.191964 0.156250
5 0.198661 0.863839 0.174107 0.147321
8 0.729911 0.390625 0.191964 0.281250
8 0.687500 0.520089 0.205357 0.245536
8 0.825893 0.203125 0.241071 0.227679
8 0.968750 0.330357 0.062500 0.232143
8 0.890625 0.055804 0.218750 0.102679
8 0.607143 0.131696 0.223214 0.227679
8 0.464286 0.220982 0.241071 0.245536
8 0.227679 0.151786 0.232143 0.205357
8 0.156250 0.216518 0.214286 0.200893
8 0.040179 0.087054 0.071429 0.165179
8 0.236607 0.448661 0.214286 0.236607
8 0.229911 0.618304 0.218750 0.236607
8 0.328125 0.734375 0.183036 0.227679
8 0.544643 0.810268 0.250000 0.200893
8 0.522321 0.691964 0.214286 0.214286
8 0.895089 0.796875 0.209821 0.209821
8 0.937500 0.729911 0.125000 0.209821
8 0.890625 0.562500 0.183036 0.196429
8 0.899554 0.948661 0.191964 0.102679
8 0.671875 0.944196 0.227679 0.111607
8 0.488839 0.955357 0.191964 0.089286
8 0.312500 0.966518 0.160714 0.066964
8 0.089286 0.953125 0.169643 0.093750
8 0.075893 0.774554 0.142857 0.218750
8 0.066964 0.537946 0.125000 0.227679
