5 0.506696 0.513393 0.165179 0.160714
5 0.747768 0.863839 0.084821 0.111607
8 0.555804 0.267857 0.209821 0.267857
8 0.801339 0.464286 0.209821 0.205357
8 0.935268 0.609375 0.129464 0.254464
8 0.933036 0.080357 0.133929 0.151786
8 0.075893 0.062500 0.142857 0.116071
8 0.089286 0.245536 0.169643 0.223214
8 0.232143 0.591518 0.267857 0.236607
8 0.285714 0.823661 0.241071 0.236607
8 0.502232 0.841518 0.236607 0.209821
8 0.658482 0.602679 0.236607 0.258929
8 0.808036 0.714286 0.232143 0.232143
8 0.888393 0.899554 0.223214 0.200893
8 0.712054 0.973214 0.156250 0.053571
8 0.370536 0.970982 0.205357 0.058036
8 0.118304 0.964286 0.227679 0.071429
