5 0.497768 0.495536 0.191964 0.196429
8 0.781250 0.377232 0.205357 0.227679
8 0.950893 0.428571 0.098214 0.205357
8 0.897321 0.651786 0.205357 0.241071
8 0.750000 0.839286 0.214286 0.250000
8 0.571429 0.683036 0.214286 0.258929
8 0.328125 0.493304 0.209821 0.245536
8 0.138393 0.352679 0.241071 0.241071
8 0.095982 0.843750 0.183036 0.214286
8 0.370536 0.979911 0.160714 0.040179
8 0.604911 0.970982 0.174107 0.058036
8 0.502232 0.285714 0.209821 0.205357
8 0.328125 0.167411 0.191964 0.183036
8 0.167411 0.060268 0.209821 0.111607
8 0.792411 0.140625 0.218750 0.209821
8 0.962054 0.165179 0.075893 0.232143
