5 0.497768 0.500000 0.191964 0.178571
8 0.129464 0.430804 0.232143 0.227679
8 0.174107 0.294643 0.241071 0.232143
8 0.062500 0.162946 0.116071 0.245536
8 0.301339 0.104911 0.245536 0.200893
8 0.671875 0.223214 0.227679 0.241071
8 0.770089 0.075893 0.227679 0.142857
8 0.895089 0.270089 0.209821 0.281250
8 0.888393 0.544643 0.223214 0.285714
8 0.703125 0.462054 0.209821 0.227679
8 0.633929 0.712054 0.276786 0.245536
8 0.410714 0.678571 0.232143 0.241071
8 0.247768 0.816964 0.245536 0.232143
8 0.250000 0.946429 0.223214 0.107143
8 0.058036 0.970982 0.107143 0.058036
