5 0.500000 0.508929 0.160714 0.178571
5 0.495536 0.049107 0.062500 0.080357
8 0.656250 0.707589 0.214286 0.227679
8 0.750000 0.912946 0.285714 0.174107
8 0.953125 0.814732 0.093750 0.254464
8 0.959821 0.486607 0.080357 0.258929
8 0.821429 0.285714 0.250000 0.232143
8 0.676339 0.408482 0.254464 0.245536
8 0.962054 0.191964 0.075893 0.214286
8 0.926339 0.040179 0.147321 0.071429
8 0.433036 0.158482 0.205357 0.191964
8 0.395089 0.033482 0.191964 0.058036
8 0.227679 0.169643 0.232143 0.276786
8 0.069196 0.116071 0.129464 0.223214
8 0.037946 0.352679 0.066964 0.214286
8 0.142857 0.535714 0.250000 0.241071
8 0.383929 0.647321 0.267857 0.294643
8 0.238839 0.812500 0.218750 0.294643
8 0.071429 0.892857 0.133929 0.214286
