5 0.524554 0.517857 0.183036 0.178571
8 0.821429 0.357143 0.250000 0.241071
8 0.120536 0.383929 0.232143 0.205357
8 0.187500 0.330357 0.241071 0.232143
8 0.053571 0.147321 0.098214 0.232143
8 0.430804 0.136161 0.245536 0.263393
8 0.252232 0.040179 0.236607 0.071429
8 0.897321 0.064732 0.205357 0.120536
8 0.428571 0.669643 0.232143 0.241071
8 0.352679 0.734375 0.241071 0.245536
8 0.171875 0.625000 0.281250 0.258929
8 0.053571 0.707589 0.098214 0.272321
8 0.042411 0.928571 0.075893 0.142857
8 0.205357 0.957589 0.232143 0.084821
8 0.457589 0.977679 0.209821 0.044643
8 0.540179 0.892857 0.267857 0.214286
8 0.799107 0.946429 0.232143 0.107143
8 0.881696 0.892857 0.236607 0.214286
