5 0.508929 0.524554 0.321429 0.263393
5 0.906250 0.910714 0.187500 0.178571
8 0.629464 0.256696 0.223214 0.254464
8 0.794643 0.314732 0.214286 0.263393
8 0.912946 0.604911 0.174107 0.263393
8 0.921875 0.205357 0.156250 0.241071
8 0.738839 0.082589 0.236607 0.156250
8 0.419643 0.174107 0.294643 0.250000
8 0.301339 0.399554 0.218750 0.236607
8 0.095982 0.482143 0.183036 0.258929
8 0.082589 0.241071 0.156250 0.223214
8 0.071429 0.069196 0.133929 0.129464
8 0.368304 0.631696 0.236607 0.245536
8 0.475446 0.863839 0.200893 0.272321
8 0.656250 0.799107 0.187500 0.258929
8 0.267857 0.848214 0.232143 0.258929
8 0.095982 0.745536 0.183036 0.250000
8 0.044643 0.939732 0.080357 0.120536
8 0.712054 0.553571 0.209821 0.250000
