5 0.491071 0.517857 0.160714 0.160714
8 0.848214 0.618304 0.214286 0.236607
8 0.924107 0.843750 0.151786 0.232143
8 0.709821 0.837054 0.267857 0.218750
8 0.758929 0.977679 0.169643 0.044643
8 0.511161 0.962054 0.191964 0.075893
8 0.274554 0.924107 0.254464 0.151786
8 0.055804 0.908482 0.102679 0.183036
8 0.165179 0.714286 0.232143 0.241071
8 0.051339 0.287946 0.093750 0.272321
8 0.218750 0.287946 0.214286 0.254464
8 0.455357 0.314732 0.241071 0.245536
8 0.691964 0.332589 0.214286 0.236607
8 0.638393 0.602679 0.205357 0.223214
8 0.966518 0.397321 0.066964 0.214286
8 0.939732 0.142857 0.120536 0.232143
8 0.613839 0.031250 0.227679 0.053571
8 0.401786 0.089286 0.232143 0.169643
8 0.071429 0.051339 0.133929 0.093750
