5 0.500000 0.508929 0.276786 0.258929
5 0.573661 0.966518 0.084821 0.066964
8 0.270089 0.176339 0.191964 0.209821
8 0.408482 0.127232 0.227679 0.209821
8 0.214286 0.046875 0.223214 0.084821
8 0.089286 0.078125 0.169643 0.147321
8 0.133929 0.412946 0.258929 0.263393
8 0.345982 0.359375 0.183036 0.209821
8 0.649554 0.154018 0.236607 0.236607
8 0.779018 0.064732 0.227679 0.120536
8 0.875000 0.223214 0.223214 0.241071
8 0.957589 0.321429 0.084821 0.196429
8 0.955357 0.508929 0.089286 0.196429
8 0.888393 0.618304 0.223214 0.236607
8 0.767857 0.754464 0.187500 0.214286
8 0.718750 0.926339 0.214286 0.147321
8 0.886161 0.919643 0.227679 0.160714
8 0.645089 0.633929 0.218750 0.205357
8 0.718750 0.424107 0.214286 0.214286
8 0.488839 0.770089 0.191964 0.209821
8 0.319196 0.611607 0.218750 0.241071
8 0.107143 0.776786 0.205357 0.205357
8 0.310268 0.875000 0.191964 0.196429
