5 0.500000 0.484375 0.196429 0.165179
8 0.109375 0.142857 0.209821 0.187500
8 0.089286 0.345982 0.169643 0.227679
8 0.046875 0.578125 0.084821 0.218750
8 0.066964 0.794643 0.125000 0.187500
8 0.247768 0.694196 0.218750 0.236607
8 0.484375 0.747768 0.227679 0.254464
8 0.573661 0.941964 0.236607 0.116071
8 0.767857 0.866071 0.250000 0.232143
8 0.948661 0.941964 0.102679 0.116071
8 0.955357 0.720982 0.089286 0.209821
8 0.756696 0.633929 0.245536 0.276786
8 0.625000 0.437500 0.178571 0.250000
8 0.821429 0.424107 0.205357 0.241071
8 0.959821 0.506696 0.080357 0.200893
8 0.973214 0.296875 0.053571 0.174107
8 0.933036 0.122768 0.133929 0.200893
8 0.781250 0.033482 0.196429 0.058036
8 0.611607 0.212054 0.241071 0.227679
8 0.500000 0.107143 0.241071 0.205357
