5 0.495536 0.504464 0.205357 0.142857
8 0.334821 0.325893 0.223214 0.205357
8 0.147321 0.370536 0.232143 0.196429
8 0.037946 0.553571 0.066964 0.267857
8 0.136161 0.736607 0.236607 0.223214
8 0.379464 0.825893 0.223214 0.205357
8 0.685268 0.886161 0.227679 0.227679
8 0.948661 0.964286 0.102679 0.071429
8 0.968750 0.598214 0.062500 0.232143
8 0.799107 0.526786 0.205357 0.223214
8 0.705357 0.345982 0.214286 0.209821
8 0.537946 0.236607 0.209821 0.232143
8 0.421875 0.055804 0.218750 0.102679
8 0.745536 0.073661 0.232143 0.138393
