5 0.511161 0.533482 0.299107 0.281250
8 0.714286 0.122768 0.241071 0.200893
8 0.939732 0.187500 0.120536 0.205357
8 0.912946 0.035714 0.174107 0.062500
8 0.404018 0.044643 0.183036 0.080357
8 0.200893 0.073661 0.285714 0.138393
8 0.087054 0.301339 0.165179 0.254464
8 0.796875 0.354911 0.245536 0.236607
8 0.921875 0.537946 0.156250 0.245536
8 0.921875 0.843750 0.156250 0.223214
8 0.687500 0.685268 0.258929 0.209821
8 0.689732 0.904018 0.254464 0.191964
8 0.388393 0.941964 0.285714 0.116071
8 0.245536 0.781250 0.241071 0.250000
8 0.113839 0.571429 0.218750 0.250000
