5 0.511161 0.500000 0.209821 0.196429
8 0.100446 0.178571 0.191964 0.223214
8 0.102679 0.412946 0.196429 0.245536
8 0.325893 0.330357 0.232143 0.232143
8 0.287946 0.566964 0.236607 0.232143
8 0.343750 0.814732 0.232143 0.272321
8 0.622768 0.832589 0.245536 0.218750
8 0.714286 0.941964 0.205357 0.116071
8 0.924107 0.955357 0.151786 0.089286
8 0.890625 0.779018 0.209821 0.254464
8 0.803571 0.636161 0.214286 0.263393
8 0.937500 0.533482 0.125000 0.263393
8 0.765625 0.450893 0.299107 0.250000
8 0.564732 0.649554 0.281250 0.218750
8 0.540179 0.294643 0.232143 0.267857
8 0.435268 0.100446 0.245536 0.191964
8 0.747768 0.243304 0.227679 0.263393
