5 0.544643 0.229911 0.116071 0.084821
5 0.495536 0.486607 0.187500 0.178571
5 0.098214 0.453125 0.071429 0.066964
8 0.426339 0.120536 0.200893 0.232143
8 0.761161 0.194196 0.218750 0.245536
8 0.930804 0.305804 0.138393 0.281250
8 0.955357 0.544643 0.089286 0.205357
8 0.743304 0.531250 0.218750 0.223214
8 0.243304 0.493304 0.209821 0.227679
8 0.316964 0.558036 0.214286 0.232143
8 0.464286 0.718750 0.250000 0.214286
8 0.227679 0.921875 0.232143 0.156250
8 0.354911 0.892857 0.236607 0.214286
8 0.642857 0.854911 0.232143 0.218750
8 0.888393 0.859375 0.223214 0.218750
8 0.042411 0.763393 0.075893 0.187500
8 0.051339 0.953125 0.093750 0.093750
8 0.037946 0.459821 0.066964 0.258929
8 0.250000 0.252232 0.232143 0.227679
8 0.107143 0.089286 0.205357 0.169643
8 0.267857 0.020089 0.142857 0.031250
8 0.647321 0.020089 0.178571 0.031250
8 0.991071 0.058036 0.017857 0.107143
