5 0.508929 0.533482 0.178571 0.174107
8 0.245536 0.515625 0.169643 0.218750
8 0.357143 0.694196 0.196429 0.227679
8 0.332589 0.834821 0.200893 0.223214
8 0.495536 0.917411 0.196429 0.165179
8 0.716518 0.930804 0.209821 0.138393
8 0.908482 0.875000 0.183036 0.241071
8 0.729911 0.667411 0.209821 0.218750
8 0.689732 0.470982 0.218750 0.200893
8 0.799107 0.290179 0.223214 0.214286
8 0.926339 0.107143 0.147321 0.205357
8 0.712054 0.078125 0.227679 0.147321
8 0.580357 0.191964 0.232143 0.232143
8 0.328125 0.107143 0.227679 0.205357
8 0.375000 0.049107 0.214286 0.089286
8 0.122768 0.055804 0.236607 0.102679
8 0.035714 0.156250 0.062500 0.169643
8 0.107143 0.345982 0.205357 0.218750
8 0.044643 0.669643 0.080357 0.205357
8 0.102679 0.845982 0.196429 0.236607
