5 0.506696 0.488839 0.209821 0.138393
5 0.573661 0.598214 0.075893 0.071429
8 0.747768 0.595982 0.254464 0.272321
8 0.917411 0.654018 0.165179 0.254464
8 0.430804 0.678571 0.236607 0.241071
8 0.281250 0.508929 0.258929 0.214286
8 0.113839 0.328125 0.218750 0.245536
8 0.060268 0.484375 0.111607 0.290179
8 0.095982 0.707589 0.183036 0.254464
8 0.265625 0.825893 0.254464 0.241071
8 0.381696 0.959821 0.218750 0.080357
8 0.625000 0.930804 0.250000 0.138393
8 0.125000 0.968750 0.169643 0.062500
8 0.698661 0.341518 0.227679 0.236607
8 0.779018 0.071429 0.281250 0.133929
8 0.546875 0.107143 0.218750 0.205357
8 0.491071 0.194196 0.187500 0.156250
8 0.339286 0.283482 0.258929 0.236607
8 0.220982 0.082589 0.281250 0.156250
8 0.046875 0.084821 0.084821 0.160714
