5 0.508929 0.504464 0.196429 0.187500
8 0.350446 0.051339 0.227679 0.093750
8 0.091518 0.033482 0.174107 0.058036
8 0.100446 0.325893 0.191964 0.258929
8 0.267857 0.455357 0.214286 0.214286
8 0.433036 0.325893 0.223214 0.214286
8 0.696429 0.145089 0.250000 0.209821
8 0.725446 0.375000 0.254464 0.214286
8 0.691964 0.582589 0.241071 0.200893
8 0.904018 0.537946 0.191964 0.245536
8 0.946429 0.283482 0.107143 0.245536
8 0.966518 0.073661 0.066964 0.138393
8 0.830357 0.053571 0.214286 0.098214
8 0.868304 0.843750 0.218750 0.223214
8 0.638393 0.799107 0.223214 0.250000
8 0.448661 0.660714 0.245536 0.223214
8 0.109375 0.794643 0.191964 0.214286
8 0.022321 0.667411 0.035714 0.156250
8 0.058036 0.955357 0.107143 0.089286
8 0.372768 0.926339 0.209821 0.147321
8 0.613839 0.962054 0.200893 0.075893
