5 0.506696 0.529018 0.183036 0.191964
5 0.207589 0.801339 0.093750 0.102679
8 0.636161 0.232143 0.218750 0.232143
8 0.647321 0.379464 0.223214 0.232143
8 0.863839 0.348214 0.209821 0.276786
8 0.933036 0.071429 0.133929 0.133929
8 0.734375 0.046875 0.218750 0.084821
8 0.433036 0.062500 0.241071 0.116071
8 0.216518 0.093750 0.245536 0.178571
8 0.187500 0.205357 0.232143 0.196429
8 0.156250 0.424107 0.232143 0.196429
8 0.107143 0.542411 0.196429 0.209821
8 0.428571 0.343750 0.187500 0.160714
8 0.334821 0.765625 0.187500 0.227679
8 0.531250 0.754464 0.232143 0.223214
8 0.754464 0.638393 0.223214 0.258929
8 0.935268 0.631696 0.129464 0.236607
8 0.937500 0.886161 0.125000 0.227679
8 0.805804 0.964286 0.209821 0.071429
8 0.631696 0.939732 0.218750 0.120536
8 0.348214 0.964286 0.187500 0.071429
8 0.093750 0.906250 0.178571 0.187500
