5 0.513393 0.339286 0.160714 0.125000
5 0.714286 0.627232 0.107143 0.129464
5 0.973214 0.729911 0.053571 0.075893
5 0.504464 0.526786 0.241071 0.196429
8 0.683036 0.104911 0.214286 0.200893
8 0.437500 0.136161 0.267857 0.263393
8 0.395089 0.055804 0.245536 0.102679
8 0.107143 0.183036 0.205357 0.232143
8 0.107143 0.107143 0.205357 0.205357
8 0.287946 0.379464 0.299107 0.214286
8 0.071429 0.433036 0.133929 0.232143
8 0.189732 0.558036 0.245536 0.214286
8 0.691964 0.421875 0.205357 0.254464
8 0.875000 0.564732 0.214286 0.191964
8 0.933036 0.537946 0.133929 0.227679
8 0.881696 0.872768 0.236607 0.245536
8 0.669643 0.852679 0.232143 0.258929
8 0.549107 0.745536 0.258929 0.205357
8 0.435268 0.694196 0.200893 0.236607
8 0.234375 0.772321 0.227679 0.223214
8 0.502232 0.933036 0.191964 0.133929
8 0.238839 0.950893 0.183036 0.098214
8 0.078125 0.915179 0.147321 0.169643
