5 0.482143 0.424107 0.160714 0.125000
5 0.502232 0.555804 0.165179 0.102679
8 0.783482 0.426339 0.245536 0.209821
8 0.939732 0.517857 0.120536 0.258929
8 0.839286 0.819196 0.196429 0.209821
8 0.665179 0.633929 0.250000 0.250000
8 0.593750 0.852679 0.196429 0.196429
8 0.705357 0.964286 0.196429 0.071429
8 0.390625 0.906250 0.209821 0.187500
8 0.093750 0.816964 0.178571 0.205357
8 0.229911 0.636161 0.209821 0.209821
8 0.064732 0.441964 0.120536 0.214286
8 0.332589 0.408482 0.191964 0.227679
8 0.589286 0.332589 0.196429 0.191964
8 0.785714 0.127232 0.241071 0.236607
8 0.962054 0.120536 0.075893 0.214286
8 0.312500 0.058036 0.232143 0.107143
8 0.087054 0.087054 0.165179 0.165179
8 0.229911 0.214286 0.227679 0.205357
8 0.970982 0.970982 0.058036 0.058036
