5 0.433036 0.200893 0.080357 0.098214
5 0.321429 0.252232 0.062500 0.066964
5 0.109375 0.281250 0.147321 0.133929
5 0.102679 0.716518 0.098214 0.138393
5 0.504464 0.553571 0.142857 0.214286
5 0.801339 0.408482 0.066964 0.058036
8 0.517857 0.281250 0.214286 0.241071
8 0.819196 0.542411 0.218750 0.245536
8 0.966518 0.566964 0.066964 0.250000
8 0.946429 0.935268 0.107143 0.129464
8 0.779018 0.852679 0.245536 0.232143
8 0.555804 0.683036 0.245536 0.187500
8 0.504464 0.841518 0.232143 0.254464
8 0.345982 0.638393 0.227679 0.232143
8 0.087054 0.462054 0.165179 0.272321
8 0.151786 0.883929 0.250000 0.232143
8 0.203125 0.109375 0.272321 0.209821
8 0.767857 0.060268 0.267857 0.111607
8 0.901786 0.185268 0.196429 0.209821
