5 0.500000 0.524554 0.250000 0.200893
5 0.770089 0.433036 0.102679 0.116071
8 0.488839 0.238839 0.254464 0.245536
8 0.600446 0.375000 0.227679 0.241071
8 0.801339 0.247768 0.218750 0.218750
8 0.937500 0.383929 0.125000 0.258929
8 0.823661 0.573661 0.236607 0.245536
8 0.897321 0.901786 0.205357 0.196429
8 0.691964 0.890625 0.196429 0.218750
8 0.533482 0.770089 0.200893 0.245536
8 0.421875 0.935268 0.236607 0.129464
8 0.142857 0.941964 0.241071 0.116071
8 0.035714 0.863839 0.062500 0.209821
8 0.180804 0.750000 0.227679 0.223214
8 0.334821 0.636161 0.205357 0.236607
8 0.287946 0.363839 0.218750 0.191964
8 0.058036 0.595982 0.107143 0.218750
8 0.051339 0.350446 0.093750 0.218750
8 0.049107 0.109375 0.089286 0.209821
8 0.245536 0.078125 0.276786 0.147321
8 0.535714 0.051339 0.276786 0.093750
8 0.738839 0.089286 0.200893 0.169643
8 0.924107 0.073661 0.151786 0.138393
