5 0.488839 0.482143 0.281250 0.276786
8 0.267857 0.142857 0.223214 0.223214
8 0.113839 0.017857 0.165179 0.026786
8 0.089286 0.220982 0.169643 0.245536
8 0.078125 0.448661 0.147321 0.209821
8 0.225446 0.575893 0.209821 0.232143
8 0.435268 0.687500 0.218750 0.196429
8 0.299107 0.796875 0.232143 0.209821
8 0.433036 0.908482 0.241071 0.183036
8 0.611607 0.953125 0.187500 0.093750
8 0.732143 0.879464 0.205357 0.241071
8 0.917411 0.870536 0.165179 0.258929
8 0.921875 0.622768 0.156250 0.218750
8 0.714286 0.488839 0.214286 0.236607
8 0.669643 0.705357 0.267857 0.187500
