5 0.464286 0.345982 0.178571 0.191964
5 0.591518 0.437500 0.120536 0.125000
5 0.957589 0.662946 0.084821 0.102679
5 0.520089 0.816964 0.209821 0.205357
5 0.292411 0.957589 0.093750 0.084821
8 0.640625 0.553571 0.245536 0.214286
8 0.852679 0.437500 0.258929 0.223214
8 0.727679 0.241071 0.267857 0.223214
8 0.939732 0.189732 0.120536 0.272321
8 0.602679 0.064732 0.214286 0.120536
8 0.444196 0.171875 0.254464 0.236607
8 0.296875 0.071429 0.245536 0.133929
8 0.140625 0.232143 0.200893 0.241071
8 0.089286 0.035714 0.169643 0.062500
8 0.299107 0.388393 0.214286 0.187500
8 0.392857 0.616071 0.223214 0.241071
8 0.254464 0.794643 0.232143 0.223214
8 0.107143 0.716518 0.205357 0.236607
8 0.031250 0.549107 0.053571 0.169643
8 0.142857 0.973214 0.178571 0.053571
8 0.029018 0.886161 0.049107 0.138393
8 0.379464 0.904018 0.196429 0.191964
8 0.689732 0.747768 0.200893 0.209821
8 0.785714 0.937500 0.205357 0.125000
8 0.957589 0.772321 0.084821 0.187500
