5 0.495536 0.508929 0.214286 0.196429
8 0.863839 0.267857 0.209821 0.214286
8 0.839286 0.372768 0.214286 0.200893
8 0.975446 0.352679 0.049107 0.241071
8 0.848214 0.073661 0.241071 0.138393
8 0.537946 0.071429 0.218750 0.133929
8 0.348214 0.162946 0.241071 0.236607
8 0.196429 0.026786 0.187500 0.044643
8 0.051339 0.037946 0.093750 0.066964
8 0.060268 0.187500 0.111607 0.232143
8 0.247768 0.370536 0.218750 0.223214
8 0.535714 0.316964 0.214286 0.205357
8 0.660714 0.301339 0.169643 0.174107
8 0.665179 0.562500 0.196429 0.232143
8 0.841518 0.607143 0.209821 0.258929
8 0.944196 0.662946 0.111607 0.263393
8 0.904018 0.926339 0.191964 0.147321
8 0.750000 0.843750 0.205357 0.223214
8 0.551339 0.779018 0.200893 0.227679
8 0.366071 0.680804 0.223214 0.227679
8 0.178571 0.792411 0.196429 0.218750
8 0.104911 0.620536 0.200893 0.205357
8 0.053571 0.912946 0.098214 0.174107
8 0.361607 0.933036 0.223214 0.133929
8 0.055804 0.435268 0.102679 0.227679
