5 0.504464 0.506696 0.187500 0.191964
8 0.566964 0.142857 0.250000 0.241071
8 0.758929 0.272321 0.232143 0.232143
8 0.799107 0.075893 0.187500 0.142857
8 0.904018 0.098214 0.191964 0.187500
8 0.975446 0.254464 0.049107 0.187500
8 0.939732 0.629464 0.120536 0.258929
8 0.776786 0.810268 0.267857 0.245536
8 0.906250 0.950893 0.187500 0.098214
8 0.553571 0.707589 0.267857 0.227679
8 0.669643 0.950893 0.223214 0.098214
8 0.444196 0.886161 0.254464 0.227679
8 0.131696 0.890625 0.254464 0.218750
8 0.064732 0.727679 0.120536 0.196429
8 0.216518 0.359375 0.272321 0.245536
8 0.330357 0.171875 0.241071 0.227679
8 0.236607 0.042411 0.214286 0.075893
8 0.060268 0.051339 0.111607 0.093750
8 0.082589 0.216518 0.156250 0.236607
