5 0.482143 0.301339 0.107143 0.102679
5 0.520089 0.508929 0.200893 0.169643
5 0.379464 0.620536 0.080357 0.080357
5 0.919643 0.468750 0.107143 0.116071
8 0.698661 0.111607 0.254464 0.214286
8 0.915179 0.087054 0.169643 0.165179
8 0.814732 0.694196 0.191964 0.209821
8 0.924107 0.888393 0.151786 0.223214
8 0.651786 0.933036 0.205357 0.133929
8 0.584821 0.837054 0.232143 0.254464
8 0.243304 0.725446 0.254464 0.209821
8 0.337054 0.613839 0.209821 0.254464
8 0.122768 0.906250 0.236607 0.187500
8 0.082589 0.292411 0.156250 0.218750
8 0.258929 0.328125 0.214286 0.218750
8 0.229911 0.100446 0.218750 0.191964
8 0.466518 0.044643 0.174107 0.080357
