5 0.459821 0.290179 0.125000 0.107143
5 0.517857 0.508929 0.267857 0.205357
8 0.305804 0.350446 0.236607 0.227679
8 0.236607 0.553571 0.223214 0.187500
8 0.071429 0.497768 0.133929 0.236607
8 0.033482 0.647321 0.058036 0.196429
8 0.296875 0.904018 0.227679 0.191964
8 0.531250 0.933036 0.223214 0.133929
8 0.705357 0.437500 0.214286 0.241071
8 0.805804 0.325893 0.183036 0.214286
8 0.946429 0.421875 0.107143 0.245536
8 0.937500 0.162946 0.125000 0.254464
8 0.803571 0.098214 0.214286 0.187500
8 0.430804 0.087054 0.236607 0.165179
8 0.747768 0.761161 0.227679 0.245536
8 0.924107 0.904018 0.151786 0.191964
