5 0.502232 0.531250 0.174107 0.205357
5 0.962054 0.448661 0.075893 0.111607
8 0.229911 0.441964 0.245536 0.223214
8 0.046875 0.377232 0.084821 0.191964
8 0.075893 0.595982 0.142857 0.227679
8 0.234375 0.696429 0.218750 0.232143
8 0.470982 0.747768 0.227679 0.218750
8 0.718750 0.881696 0.187500 0.236607
8 0.917411 0.832589 0.165179 0.245536
8 0.966518 0.580357 0.066964 0.169643
8 0.520089 0.129464 0.245536 0.250000
8 0.375000 0.024554 0.151786 0.040179
8 0.526786 0.924107 0.205357 0.151786
8 0.283482 0.928571 0.227679 0.142857
8 0.084821 0.933036 0.160714 0.133929
