5 0.508929 0.522321 0.196429 0.205357
8 0.337054 0.421875 0.209821 0.236607
8 0.348214 0.620536 0.214286 0.223214
8 0.551339 0.671875 0.200893 0.174107
8 0.767857 0.569196 0.214286 0.218750
8 0.906250 0.691964 0.187500 0.241071
8 0.939732 0.906250 0.120536 0.187500
8 0.504464 0.957589 0.196429 0.084821
8 0.279018 0.899554 0.165179 0.200893
8 0.107143 0.928571 0.205357 0.142857
8 0.046875 0.636161 0.084821 0.227679
8 0.140625 0.506696 0.165179 0.245536
8 0.073661 0.337054 0.138393 0.236607
8 0.252232 0.243304 0.209821 0.191964
8 0.361607 0.082589 0.187500 0.156250
8 0.107143 0.084821 0.205357 0.160714
8 0.654018 0.379464 0.209821 0.214286
8 0.823661 0.154018 0.272321 0.254464
8 0.868304 0.388393 0.227679 0.214286
