5 0.495536 0.488839 0.187500 0.165179
8 0.651786 0.122768 0.196429 0.200893
8 0.937500 0.080357 0.125000 0.151786
8 0.895089 0.363839 0.209821 0.236607
8 0.859375 0.602679 0.218750 0.196429
8 0.651786 0.332589 0.205357 0.209821
8 0.736607 0.799107 0.169643 0.232143
8 0.968750 0.910714 0.062500 0.178571
8 0.796875 0.966518 0.200893 0.066964
8 0.513393 0.939732 0.250000 0.120536
8 0.531250 0.752232 0.214286 0.209821
8 0.285714 0.533482 0.196429 0.209821
8 0.147321 0.316964 0.178571 0.196429
8 0.084821 0.109375 0.160714 0.200893
8 0.046875 0.466518 0.084821 0.236607
8 0.209821 0.696429 0.214286 0.178571
8 0.207589 0.897321 0.245536 0.205357
8 0.037946 0.774554 0.066964 0.209821
