5 0.497768 0.513393 0.200893 0.178571
5 0.522321 0.700893 0.098214 0.071429
5 0.035714 0.714286 0.062500 0.089286
8 0.430804 0.283482 0.245536 0.227679
8 0.767857 0.421875 0.258929 0.227679
8 0.720982 0.513393 0.227679 0.232143
8 0.930804 0.468750 0.138393 0.250000
8 0.921875 0.611607 0.156250 0.232143
8 0.968750 0.703125 0.062500 0.209821
8 0.758929 0.792411 0.214286 0.227679
8 0.832589 0.962054 0.191964 0.075893
8 0.537946 0.872768 0.218750 0.218750
8 0.276786 0.917411 0.258929 0.165179
8 0.118304 0.808036 0.209821 0.223214
8 0.383929 0.676339 0.178571 0.236607
8 0.234375 0.604911 0.218750 0.218750
8 0.082589 0.529018 0.156250 0.236607
8 0.167411 0.314732 0.218750 0.236607
8 0.145089 0.082589 0.245536 0.156250
8 0.361607 0.084821 0.205357 0.160714
8 0.640625 0.051339 0.218750 0.093750
8 0.723214 0.200893 0.267857 0.214286
8 0.890625 0.162946 0.218750 0.227679
8 0.964286 0.145089 0.071429 0.236607
