5 0.506696 0.497768 0.218750 0.191964
8 0.578125 0.265625 0.254464 0.263393
8 0.676339 0.080357 0.254464 0.151786
8 0.886161 0.046875 0.218750 0.084821
8 0.950893 0.642857 0.098214 0.241071
8 0.805804 0.660714 0.200893 0.276786
8 0.600446 0.674107 0.227679 0.258929
8 0.345982 0.636161 0.263393 0.281250
8 0.250000 0.430804 0.196429 0.191964
8 0.176339 0.214286 0.245536 0.241071
8 0.113839 0.055804 0.218750 0.102679
8 0.035714 0.178571 0.062500 0.187500
8 0.078125 0.370536 0.147321 0.205357
8 0.095982 0.575893 0.183036 0.223214
8 0.660714 0.915179 0.232143 0.169643
