5 0.500000 0.542411 0.214286 0.209821
8 0.928571 0.102679 0.142857 0.196429
8 0.729911 0.218750 0.227679 0.214286
8 0.763393 0.020089 0.151786 0.031250
8 0.497768 0.042411 0.218750 0.075893
8 0.272321 0.042411 0.232143 0.075893
8 0.138393 0.243304 0.223214 0.218750
8 0.082589 0.517857 0.156250 0.214286
8 0.305804 0.529018 0.209821 0.236607
8 0.196429 0.700893 0.241071 0.187500
8 0.337054 0.814732 0.227679 0.227679
8 0.462054 0.734375 0.174107 0.236607
8 0.718750 0.685268 0.250000 0.263393
8 0.792411 0.881696 0.245536 0.236607
8 0.921875 0.495536 0.156250 0.241071
8 0.966518 0.906250 0.066964 0.187500
8 0.506696 0.926339 0.254464 0.147321
8 0.176339 0.944196 0.200893 0.111607
