5 0.497768 0.515625 0.218750 0.191964
5 0.220982 0.611607 0.165179 0.151786
8 0.792411 0.486607 0.272321 0.258929
8 0.591518 0.183036 0.236607 0.250000
8 0.832589 0.218750 0.183036 0.214286
8 0.957589 0.314732 0.084821 0.200893
8 0.944196 0.618304 0.111607 0.245536
8 0.968750 0.069196 0.062500 0.129464
8 0.386161 0.075893 0.245536 0.142857
8 0.267857 0.395089 0.241071 0.227679
8 0.142857 0.361607 0.232143 0.241071
8 0.084821 0.872768 0.160714 0.236607
8 0.359375 0.901786 0.272321 0.187500
8 0.502232 0.741071 0.236607 0.214286
8 0.877232 0.912946 0.245536 0.174107
8 0.660714 0.975446 0.169643 0.049107
8 0.022321 0.066964 0.035714 0.125000
