5 0.207589 0.147321 0.102679 0.116071
5 0.421875 0.022321 0.075893 0.035714
5 0.785714 0.031250 0.089286 0.053571
5 0.848214 0.549107 0.071429 0.080357
5 0.899554 0.616071 0.066964 0.053571
5 0.888393 0.908482 0.098214 0.084821
5 0.665179 0.939732 0.133929 0.120536
5 0.511161 0.508929 0.245536 0.250000
8 0.350446 0.261161 0.236607 0.218750
8 0.299107 0.511161 0.205357 0.254464
8 0.129464 0.388393 0.205357 0.205357
8 0.095982 0.169643 0.183036 0.196429
8 0.049107 0.044643 0.089286 0.080357
8 0.580357 0.035714 0.232143 0.062500
8 0.752232 0.187500 0.191964 0.205357
8 0.941964 0.312500 0.116071 0.250000
8 0.937500 0.033482 0.125000 0.058036
8 0.725446 0.537946 0.200893 0.245536
8 0.808036 0.783482 0.250000 0.245536
8 0.560268 0.792411 0.209821 0.236607
8 0.345982 0.741071 0.183036 0.214286
8 0.095982 0.712054 0.183036 0.227679
8 0.203125 0.908482 0.245536 0.183036
8 0.046875 0.950893 0.084821 0.098214
