5 0.513393 0.495536 0.223214 0.241071
8 0.611607 0.133929 0.258929 0.241071
8 0.613839 0.363839 0.218750 0.191964
8 0.725446 0.453125 0.236607 0.227679
8 0.854911 0.691964 0.200893 0.214286
8 0.899554 0.948661 0.200893 0.102679
8 0.712054 0.839286 0.227679 0.196429
8 0.600446 0.654018 0.191964 0.191964
8 0.375000 0.674107 0.214286 0.196429
8 0.473214 0.886161 0.250000 0.227679
8 0.149554 0.667411 0.218750 0.227679
8 0.120536 0.430804 0.196429 0.227679
8 0.174107 0.187500 0.258929 0.241071
8 0.377232 0.138393 0.191964 0.250000
8 0.212054 0.026786 0.165179 0.044643
8 0.113839 0.959821 0.218750 0.080357
