5 0.497768 0.517857 0.200893 0.205357
8 0.243304 0.093750 0.191964 0.178571
8 0.343750 0.321429 0.232143 0.223214
8 0.457589 0.113839 0.209821 0.218750
8 0.685268 0.100446 0.227679 0.191964
8 0.792411 0.263393 0.209821 0.205357
8 0.946429 0.305804 0.107143 0.245536
8 0.910714 0.531250 0.178571 0.223214
8 0.676339 0.439732 0.191964 0.272321
8 0.537946 0.656250 0.236607 0.178571
8 0.598214 0.812500 0.223214 0.187500
8 0.390625 0.895089 0.227679 0.200893
8 0.296875 0.607143 0.236607 0.223214
8 0.107143 0.698661 0.205357 0.209821
8 0.218750 0.962054 0.133929 0.075893
8 0.089286 0.912946 0.169643 0.174107
8 0.046875 0.455357 0.084821 0.205357
8 0.082589 0.156250 0.156250 0.258929
