5 0.491071 0.508929 0.187500 0.178571
8 0.582589 0.325893 0.218750 0.232143
8 0.705357 0.522321 0.250000 0.250000
8 0.839286 0.665179 0.187500 0.366071
8 0.944196 0.685268 0.111607 0.236607
8 0.935268 0.426339 0.129464 0.227679
8 0.361607 0.319196 0.169643 0.227679
8 0.767857 0.136161 0.223214 0.227679
8 0.386161 0.089286 0.290179 0.169643
8 0.107143 0.151786 0.205357 0.258929
8 0.107143 0.642857 0.205357 0.285714
8 0.337054 0.609375 0.200893 0.200893
8 0.479911 0.790179 0.191964 0.214286
8 0.229911 0.950893 0.236607 0.098214
