5 0.491071 0.504464 0.232143 0.223214
8 0.258929 0.200893 0.223214 0.232143
8 0.301339 0.303571 0.200893 0.223214
8 0.526786 0.276786 0.250000 0.223214
8 0.401786 0.084821 0.214286 0.160714
8 0.520089 0.080357 0.209821 0.151786
8 0.729911 0.194196 0.218750 0.227679
8 0.671875 0.417411 0.183036 0.200893
8 0.875000 0.395089 0.214286 0.254464
8 0.955357 0.571429 0.089286 0.258929
8 0.962054 0.075893 0.075893 0.142857
8 0.810268 0.607143 0.236607 0.267857
8 0.886161 0.821429 0.227679 0.267857
8 0.584821 0.685268 0.276786 0.245536
8 0.341518 0.816964 0.254464 0.267857
8 0.111607 0.799107 0.214286 0.267857
8 0.236607 0.941964 0.267857 0.116071
8 0.156250 0.575893 0.232143 0.250000
8 0.104911 0.339286 0.200893 0.250000
8 0.058036 0.122768 0.107143 0.236607
8 0.026786 0.517857 0.044643 0.178571
