5 0.515625 0.504464 0.209821 0.151786
5 0.080357 0.258929 0.125000 0.125000
8 0.620536 0.100446 0.223214 0.191964
8 0.861607 0.120536 0.250000 0.232143
8 0.968750 0.254464 0.062500 0.196429
8 0.640625 0.319196 0.254464 0.227679
8 0.410714 0.051339 0.223214 0.093750
8 0.205357 0.138393 0.232143 0.250000
8 0.162946 0.388393 0.245536 0.241071
8 0.312500 0.566964 0.232143 0.241071
8 0.754464 0.555804 0.241071 0.236607
8 0.533482 0.703125 0.254464 0.254464
8 0.716518 0.861607 0.218750 0.214286
8 0.676339 0.937500 0.236607 0.125000
8 0.966518 0.899554 0.066964 0.174107
8 0.138393 0.966518 0.196429 0.066964
