5 0.504464 0.504464 0.178571 0.125000
8 0.160714 0.064732 0.241071 0.120536
8 0.582589 0.095982 0.263393 0.183036
8 0.870536 0.049107 0.258929 0.089286
8 0.899554 0.100446 0.200893 0.138393
8 0.841518 0.247768 0.245536 0.218750
8 0.591518 0.296875 0.254464 0.200893
8 0.658482 0.500000 0.191964 0.241071
8 0.816964 0.642857 0.250000 0.223214
8 0.908482 0.828125 0.183036 0.227679
8 0.683036 0.915179 0.250000 0.169643
8 0.593750 0.736607 0.214286 0.258929
8 0.388393 0.645089 0.214286 0.227679
8 0.381696 0.854911 0.236607 0.200893
8 0.142857 0.881696 0.276786 0.236607
8 0.160714 0.640625 0.267857 0.254464
8 0.104911 0.491071 0.200893 0.196429
