5 0.497768 0.531250 0.236607 0.187500
8 0.765625 0.209821 0.218750 0.169643
8 0.533482 0.109375 0.281250 0.209821
8 0.892857 0.051339 0.214286 0.093750
8 0.966518 0.569196 0.066964 0.191964
8 0.928571 0.839286 0.142857 0.250000
8 0.698661 0.727679 0.218750 0.267857
8 0.649554 0.377232 0.263393 0.227679
8 0.444196 0.319196 0.236607 0.183036
8 0.113839 0.078125 0.218750 0.147321
8 0.089286 0.345982 0.169643 0.263393
8 0.243304 0.479911 0.209821 0.174107
8 0.035714 0.627232 0.062500 0.227679
8 0.176339 0.750000 0.218750 0.232143
8 0.401786 0.821429 0.232143 0.241071
8 0.622768 0.959821 0.236607 0.080357
8 0.314732 0.970982 0.218750 0.058036
