5 0.616071 0.399554 0.125000 0.102679
5 0.515625 0.506696 0.174107 0.183036
5 0.781250 0.837054 0.080357 0.093750
5 0.520089 0.924107 0.093750 0.062500
5 0.350446 0.819196 0.066964 0.066964
5 0.314732 0.897321 0.120536 0.098214
8 0.305804 0.368304 0.236607 0.281250
8 0.424107 0.263393 0.267857 0.250000
8 0.540179 0.165179 0.205357 0.232143
8 0.859375 0.290179 0.236607 0.214286
8 0.694196 0.457589 0.200893 0.254464
8 0.872768 0.508929 0.200893 0.267857
8 0.926339 0.053571 0.147321 0.098214
8 0.091518 0.091518 0.174107 0.174107
8 0.095982 0.334821 0.183036 0.223214
8 0.185268 0.676339 0.227679 0.272321
8 0.651786 0.879464 0.205357 0.214286
8 0.475446 0.944196 0.227679 0.111607
8 0.256696 0.975446 0.218750 0.049107
