5 0.091518 0.455357 0.120536 0.089286
5 0.486607 0.520089 0.196429 0.165179
5 0.618304 0.598214 0.075893 0.071429
5 0.611607 0.848214 0.116071 0.089286
5 0.580357 0.950893 0.089286 0.080357
8 0.183036 0.196429 0.205357 0.232143
8 0.410714 0.176339 0.205357 0.209821
8 0.566964 0.066964 0.250000 0.125000
8 0.037946 0.140625 0.066964 0.191964
8 0.029018 0.412946 0.049107 0.165179
8 0.046875 0.638393 0.084821 0.250000
8 0.214286 0.558036 0.214286 0.241071
8 0.401786 0.662946 0.214286 0.227679
8 0.729911 0.491071 0.209821 0.223214
8 0.906250 0.537946 0.187500 0.227679
8 0.948661 0.906250 0.102679 0.169643
8 0.790179 0.955357 0.196429 0.089286
8 0.457589 0.872768 0.200893 0.200893
8 0.207589 0.899554 0.227679 0.200893
