5 0.497768 0.546875 0.183036 0.165179
8 0.383929 0.316964 0.223214 0.241071
8 0.595982 0.366071 0.209821 0.232143
8 0.703125 0.404018 0.218750 0.209821
8 0.770089 0.220982 0.254464 0.236607
8 0.886161 0.084821 0.191964 0.160714
8 0.323661 0.087054 0.236607 0.165179
8 0.026786 0.127232 0.044643 0.147321
8 0.033482 0.412946 0.058036 0.218750
8 0.281250 0.526786 0.250000 0.232143
8 0.441964 0.758929 0.241071 0.241071
8 0.698661 0.803571 0.245536 0.196429
8 0.361607 0.933036 0.276786 0.133929
8 0.087054 0.877232 0.165179 0.174107
8 0.082589 0.948661 0.156250 0.102679
