5 0.508929 0.511161 0.232143 0.227679
8 0.091518 0.341518 0.174107 0.191964
8 0.125000 0.551339 0.214286 0.209821
8 0.305804 0.401786 0.191964 0.205357
8 0.424107 0.236607 0.187500 0.196429
8 0.622768 0.158482 0.191964 0.218750
8 0.752232 0.354911 0.183036 0.209821
8 0.908482 0.205357 0.183036 0.214286
8 0.917411 0.502232 0.165179 0.227679
8 0.718750 0.631696 0.205357 0.218750
8 0.877232 0.899554 0.191964 0.200893
8 0.959821 0.810268 0.080357 0.165179
8 0.669643 0.886161 0.187500 0.227679
8 0.479911 0.883929 0.191964 0.232143
8 0.241071 0.819196 0.214286 0.209821
8 0.345982 0.687500 0.183036 0.241071
8 0.051339 0.912946 0.093750 0.174107
8 0.220982 0.964286 0.236607 0.071429
8 0.089286 0.111607 0.169643 0.214286
8 0.283482 0.066964 0.191964 0.125000
