5 0.500000 0.502232 0.241071 0.209821
5 0.091518 0.142857 0.066964 0.080357
8 0.625000 0.109375 0.205357 0.209821
8 0.821429 0.053571 0.196429 0.098214
8 0.933036 0.089286 0.133929 0.169643
8 0.964286 0.439732 0.071429 0.227679
8 0.870536 0.649554 0.223214 0.227679
8 0.734375 0.475446 0.209821 0.272321
8 0.604911 0.752232 0.236607 0.236607
8 0.832589 0.881696 0.236607 0.227679
8 0.366071 0.658482 0.223214 0.245536
8 0.357143 0.895089 0.223214 0.200893
8 0.299107 0.303571 0.214286 0.214286
8 0.345982 0.395089 0.245536 0.218750
8 0.084821 0.325893 0.160714 0.250000
8 0.062500 0.104911 0.116071 0.200893
8 0.209821 0.024554 0.196429 0.040179
8 0.426339 0.053571 0.209821 0.098214
8 0.113839 0.658482 0.218750 0.218750
