5 0.500000 0.486607 0.232143 0.205357
5 0.888393 0.044643 0.223214 0.080357
8 0.243304 0.254464 0.191964 0.250000
8 0.082589 0.323661 0.156250 0.290179
8 0.100446 0.087054 0.191964 0.165179
8 0.491071 0.200893 0.214286 0.250000
8 0.600446 0.183036 0.200893 0.232143
8 0.801339 0.279018 0.236607 0.254464
8 0.930804 0.522321 0.138393 0.214286
8 0.732143 0.734375 0.223214 0.254464
8 0.495536 0.674107 0.214286 0.205357
8 0.252232 0.732143 0.272321 0.276786
8 0.084821 0.558036 0.160714 0.196429
8 0.102679 0.933036 0.196429 0.133929
8 0.424107 0.919643 0.250000 0.160714
8 0.689732 0.933036 0.254464 0.133929
