5 0.502232 0.504464 0.147321 0.169643
8 0.183036 0.446429 0.241071 0.241071
8 0.107143 0.296875 0.205357 0.245536
8 0.330357 0.439732 0.205357 0.245536
8 0.383929 0.127232 0.250000 0.227679
8 0.113839 0.064732 0.200893 0.120536
8 0.245536 0.026786 0.169643 0.044643
8 0.680804 0.093750 0.218750 0.178571
8 0.741071 0.216518 0.241071 0.245536
8 0.895089 0.118304 0.209821 0.227679
8 0.944196 0.310268 0.111607 0.272321
8 0.859375 0.466518 0.200893 0.254464
8 0.662946 0.437500 0.245536 0.258929
8 0.571429 0.305804 0.214286 0.254464
8 0.750000 0.709821 0.223214 0.276786
8 0.656250 0.872768 0.258929 0.245536
8 0.926339 0.883929 0.147321 0.223214
8 0.935268 0.667411 0.129464 0.263393
8 0.424107 0.915179 0.223214 0.169643
8 0.247768 0.803571 0.245536 0.258929
8 0.073661 0.691964 0.138393 0.250000
8 0.102679 0.946429 0.196429 0.107143
