5 0.508929 0.491071 0.250000 0.232143
8 0.136161 0.245536 0.209821 0.214286
8 0.247768 0.437500 0.263393 0.205357
8 0.066964 0.046875 0.125000 0.084821
8 0.261161 0.055804 0.236607 0.102679
8 0.482143 0.252232 0.214286 0.218750
8 0.734375 0.299107 0.245536 0.232143
8 0.955357 0.319196 0.089286 0.218750
8 0.895089 0.093750 0.209821 0.178571
8 0.970982 0.665179 0.058036 0.232143
8 0.305804 0.779018 0.218750 0.236607
8 0.544643 0.732143 0.232143 0.241071
8 0.741071 0.553571 0.187500 0.276786
8 0.935268 0.910714 0.129464 0.178571
8 0.537946 0.946429 0.236607 0.107143
8 0.160714 0.928571 0.276786 0.142857
8 0.093750 0.727679 0.178571 0.223214
