5 0.517857 0.495536 0.160714 0.151786
8 0.225446 0.263393 0.191964 0.214286
8 0.390625 0.359375 0.209821 0.191964
8 0.504464 0.305804 0.232143 0.236607
8 0.691964 0.651786 0.196429 0.250000
8 0.890625 0.555804 0.191964 0.254464
8 0.964286 0.558036 0.071429 0.205357
8 0.906250 0.332589 0.187500 0.227679
8 0.821429 0.127232 0.232143 0.183036
8 0.837054 0.058036 0.290179 0.107143
8 0.613839 0.042411 0.174107 0.075893
8 0.292411 0.031250 0.183036 0.053571
8 0.100446 0.102679 0.191964 0.196429
8 0.064732 0.267857 0.120536 0.178571
8 0.236607 0.493304 0.160714 0.191964
8 0.196429 0.718750 0.223214 0.205357
8 0.323661 0.941964 0.209821 0.116071
8 0.102679 0.939732 0.196429 0.120536
8 0.566964 0.892857 0.205357 0.214286
8 0.790179 0.950893 0.178571 0.098214
8 0.895089 0.837054 0.209821 0.218750
