5 0.500000 0.506696 0.232143 0.245536
8 0.296875 0.406250 0.281250 0.232143
8 0.366071 0.625000 0.205357 0.223214
8 0.665179 0.772321 0.294643 0.223214
8 0.676339 0.928571 0.272321 0.142857
8 0.917411 0.928571 0.165179 0.142857
8 0.906250 0.470982 0.178571 0.290179
8 0.761161 0.330357 0.334821 0.196429
8 0.709821 0.551339 0.250000 0.254464
8 0.709821 0.133929 0.303571 0.223214
8 0.892857 0.066964 0.214286 0.125000
8 0.345982 0.026786 0.263393 0.044643
8 0.091518 0.033482 0.174107 0.058036
8 0.087054 0.205357 0.165179 0.241071
8 0.292411 0.149554 0.272321 0.245536
8 0.037946 0.435268 0.066964 0.236607
8 0.058036 0.834821 0.107143 0.241071
8 0.272321 0.834821 0.285714 0.258929
