5 0.513393 0.502232 0.223214 0.209821
8 0.194196 0.205357 0.236607 0.276786
8 0.075893 0.236607 0.142857 0.223214
8 0.049107 0.064732 0.089286 0.120536
8 0.321429 0.075893 0.276786 0.142857
8 0.424107 0.270089 0.267857 0.272321
8 0.609375 0.102679 0.299107 0.196429
8 0.828125 0.225446 0.263393 0.227679
8 0.839286 0.053571 0.241071 0.098214
8 0.968750 0.372768 0.062500 0.272321
8 0.808036 0.446429 0.258929 0.232143
8 0.866071 0.667411 0.223214 0.245536
8 0.705357 0.680804 0.258929 0.272321
8 0.930804 0.915179 0.138393 0.169643
8 0.714286 0.910714 0.232143 0.178571
8 0.491071 0.794643 0.267857 0.285714
8 0.350446 0.642857 0.245536 0.241071
8 0.232143 0.470982 0.205357 0.290179
8 0.075893 0.482143 0.142857 0.285714
8 0.138393 0.732143 0.241071 0.214286
8 0.191964 0.921875 0.241071 0.156250
8 0.464286 0.968750 0.232143 0.062500
