5 0.504464 0.500000 0.178571 0.196429
8 0.573661 0.066964 0.218750 0.125000
8 0.743304 0.265625 0.236607 0.245536
8 0.832589 0.162946 0.218750 0.218750
8 0.875000 0.571429 0.223214 0.205357
8 0.620536 0.680804 0.267857 0.227679
8 0.377232 0.756696 0.209821 0.227679
8 0.287946 0.810268 0.183036 0.200893
8 0.683036 0.897321 0.196429 0.205357
8 0.136161 0.935268 0.227679 0.129464
8 0.107143 0.700893 0.205357 0.214286
8 0.261161 0.500000 0.245536 0.258929
8 0.082589 0.256696 0.156250 0.236607
8 0.234375 0.033482 0.191964 0.058036
