5 0.511161 0.500000 0.209821 0.214286
8 0.745536 0.212054 0.250000 0.227679
8 0.841518 0.428571 0.227679 0.205357
8 0.676339 0.540179 0.209821 0.223214
8 0.571429 0.714286 0.241071 0.196429
8 0.334821 0.636161 0.205357 0.227679
8 0.363839 0.354911 0.236607 0.209821
8 0.122768 0.305804 0.218750 0.227679
8 0.334821 0.118304 0.214286 0.227679
8 0.591518 0.066964 0.236607 0.125000
8 0.964286 0.267857 0.071429 0.232143
8 0.970982 0.785714 0.058036 0.214286
8 0.741071 0.899554 0.223214 0.200893
8 0.513393 0.912946 0.241071 0.174107
8 0.270089 0.957589 0.236607 0.084821
8 0.187500 0.823661 0.205357 0.218750
8 0.040179 0.895089 0.071429 0.209821
