5 0.475446 0.408482 0.084821 0.066964
5 0.397321 0.482143 0.098214 0.080357
5 0.506696 0.535714 0.174107 0.160714
8 0.828125 0.241071 0.209821 0.205357
8 0.955357 0.113839 0.089286 0.209821
8 0.890625 0.058036 0.209821 0.107143
8 0.598214 0.169643 0.223214 0.232143
8 0.424107 0.042411 0.258929 0.075893
8 0.337054 0.165179 0.209821 0.205357
8 0.102679 0.089286 0.196429 0.169643
8 0.078125 0.299107 0.147321 0.223214
8 0.194196 0.361607 0.218750 0.232143
8 0.334821 0.372768 0.214286 0.227679
8 0.665179 0.417411 0.258929 0.227679
8 0.946429 0.363839 0.107143 0.245536
8 0.917411 0.723214 0.165179 0.223214
8 0.825893 0.808036 0.258929 0.258929
8 0.680804 0.705357 0.236607 0.250000
8 0.571429 0.912946 0.241071 0.174107
8 0.875000 0.966518 0.214286 0.066964
8 0.441964 0.725446 0.241071 0.227679
8 0.316964 0.698661 0.214286 0.272321
8 0.102679 0.736607 0.187500 0.303571
8 0.042411 0.741071 0.075893 0.214286
8 0.058036 0.508929 0.107143 0.196429
8 0.111607 0.946429 0.214286 0.107143
8 0.345982 0.959821 0.183036 0.080357
