5 0.506696 0.517857 0.218750 0.178571
5 0.540179 0.357143 0.116071 0.116071
8 0.734375 0.348214 0.227679 0.178571
8 0.821429 0.167411 0.205357 0.191964
8 0.937500 0.343750 0.125000 0.241071
8 0.957589 0.613839 0.084821 0.227679
8 0.962054 0.899554 0.075893 0.200893
8 0.832589 0.964286 0.209821 0.071429
8 0.821429 0.803571 0.232143 0.205357
8 0.691964 0.736607 0.178571 0.267857
8 0.573661 0.808036 0.227679 0.187500
8 0.426339 0.758929 0.191964 0.214286
8 0.209821 0.718750 0.205357 0.232143
8 0.129464 0.566964 0.214286 0.223214
8 0.058036 0.752232 0.107143 0.227679
8 0.265625 0.917411 0.218750 0.165179
8 0.591518 0.959821 0.209821 0.080357
8 0.319196 0.504464 0.218750 0.223214
8 0.372768 0.366071 0.209821 0.169643
8 0.267857 0.198661 0.241071 0.218750
8 0.305804 0.093750 0.245536 0.178571
8 0.428571 0.060268 0.214286 0.111607
8 0.660714 0.051339 0.205357 0.093750
8 0.078125 0.183036 0.147321 0.205357
8 0.078125 0.381696 0.147321 0.191964
8 0.035714 0.049107 0.062500 0.089286
