5 0.484375 0.495536 0.254464 0.151786
5 0.691964 0.720982 0.089286 0.075893
5 0.093750 0.910714 0.178571 0.178571
5 0.024554 0.243304 0.040179 0.093750
5 0.149554 0.316964 0.066964 0.062500
8 0.441964 0.189732 0.178571 0.183036
8 0.676339 0.361607 0.245536 0.205357
8 0.729911 0.426339 0.218750 0.209821
8 0.888393 0.665179 0.223214 0.250000
8 0.595982 0.819196 0.183036 0.183036
8 0.343750 0.709821 0.205357 0.223214
8 0.310268 0.450893 0.227679 0.250000
8 0.104911 0.437500 0.200893 0.205357
8 0.352679 0.080357 0.196429 0.151786
8 0.930804 0.095982 0.138393 0.183036
