5 0.511161 0.506696 0.236607 0.200893
5 0.058036 0.875000 0.107143 0.160714
8 0.156250 0.383929 0.250000 0.285714
8 0.100446 0.102679 0.191964 0.196429
8 0.287946 0.058036 0.209821 0.107143
8 0.299107 0.227679 0.258929 0.205357
8 0.537946 0.263393 0.200893 0.258929
8 0.787946 0.667411 0.245536 0.272321
8 0.966518 0.810268 0.066964 0.183036
8 0.948661 0.955357 0.102679 0.089286
8 0.535714 0.694196 0.241071 0.218750
8 0.337054 0.491071 0.227679 0.303571
8 0.037946 0.283482 0.066964 0.183036
8 0.044643 0.729911 0.080357 0.156250
8 0.216518 0.897321 0.218750 0.205357
8 0.058036 0.962054 0.107143 0.075893
