5 0.500000 0.508929 0.223214 0.250000
8 0.671875 0.225446 0.174107 0.218750
8 0.841518 0.370536 0.227679 0.214286
8 0.870536 0.479911 0.205357 0.174107
8 0.727679 0.598214 0.214286 0.232143
8 0.741071 0.832589 0.196429 0.218750
8 0.941964 0.805804 0.116071 0.209821
8 0.910714 0.917411 0.178571 0.165179
8 0.944196 0.089286 0.111607 0.169643
8 0.383929 0.310268 0.178571 0.200893
8 0.185268 0.334821 0.218750 0.205357
8 0.080357 0.410714 0.151786 0.187500
8 0.069196 0.511161 0.129464 0.218750
8 0.160714 0.676339 0.205357 0.236607
8 0.281250 0.520089 0.196429 0.218750
8 0.361607 0.823661 0.196429 0.218750
8 0.390625 0.712054 0.263393 0.200893
8 0.551339 0.901786 0.191964 0.196429
8 0.232143 0.946429 0.205357 0.107143
8 0.080357 0.875000 0.151786 0.214286
8 0.069196 0.198661 0.129464 0.183036
8 0.111607 0.122768 0.214286 0.183036
8 0.330357 0.082589 0.250000 0.156250
