5 0.529018 0.500000 0.236607 0.258929
8 0.191964 0.591518 0.241071 0.218750
8 0.075893 0.383929 0.142857 0.214286
8 0.129464 0.200893 0.196429 0.258929
8 0.308036 0.359375 0.223214 0.254464
8 0.303571 0.093750 0.258929 0.178571
8 0.082589 0.046875 0.156250 0.084821
8 0.868304 0.140625 0.191964 0.254464
8 0.696429 0.332589 0.214286 0.200893
8 0.899554 0.435268 0.200893 0.254464
8 0.906250 0.607143 0.187500 0.250000
8 0.707589 0.698661 0.218750 0.245536
8 0.616071 0.629464 0.250000 0.214286
8 0.479911 0.828125 0.183036 0.209821
8 0.758929 0.921875 0.250000 0.156250
8 0.953125 0.941964 0.093750 0.116071
8 0.303571 0.921875 0.241071 0.156250
8 0.073661 0.968750 0.138393 0.062500
