5 0.500000 0.524554 0.196429 0.174107
8 0.669643 0.354911 0.214286 0.218750
8 0.930804 0.334821 0.138393 0.241071
8 0.915179 0.553571 0.169643 0.214286
8 0.720982 0.611607 0.245536 0.267857
8 0.520089 0.705357 0.245536 0.214286
8 0.303571 0.785714 0.232143 0.241071
8 0.100446 0.546875 0.191964 0.245536
8 0.274554 0.484375 0.290179 0.227679
8 0.035714 0.772321 0.062500 0.187500
8 0.292411 0.283482 0.281250 0.209821
8 0.183036 0.116071 0.250000 0.223214
8 0.024554 0.169643 0.040179 0.142857
8 0.058036 0.024554 0.107143 0.040179
8 0.361607 0.029018 0.205357 0.049107
8 0.466518 0.209821 0.209821 0.214286
8 0.560268 0.084821 0.236607 0.160714
8 0.794643 0.098214 0.223214 0.187500
8 0.962054 0.095982 0.075893 0.183036
8 0.591518 0.930804 0.209821 0.138393
8 0.767857 0.917411 0.178571 0.165179
