5 0.497768 0.511161 0.218750 0.236607
5 0.392857 0.937500 0.116071 0.125000
8 0.607143 0.725446 0.250000 0.227679
8 0.763393 0.897321 0.214286 0.205357
8 0.839286 0.814732 0.223214 0.209821
8 0.935268 0.283482 0.129464 0.263393
8 0.783482 0.189732 0.200893 0.218750
8 0.732143 0.051339 0.214286 0.093750
8 0.383929 0.078125 0.276786 0.147321
8 0.321429 0.285714 0.285714 0.267857
8 0.062500 0.129464 0.116071 0.232143
8 0.254464 0.794643 0.196429 0.223214
8 0.075893 0.935268 0.142857 0.129464
8 0.037946 0.419643 0.066964 0.214286
