5 0.506696 0.540179 0.281250 0.258929
5 0.935268 0.044643 0.129464 0.080357
8 0.419643 0.261161 0.205357 0.245536
8 0.540179 0.093750 0.232143 0.178571
8 0.779018 0.113839 0.218750 0.218750
8 0.935268 0.205357 0.129464 0.205357
8 0.866071 0.305804 0.267857 0.191964
8 0.741071 0.506696 0.232143 0.245536
8 0.970982 0.819196 0.058036 0.165179
8 0.872768 0.928571 0.227679 0.142857
8 0.629464 0.921875 0.223214 0.156250
8 0.515625 0.779018 0.272321 0.191964
8 0.321429 0.863839 0.241071 0.227679
8 0.370536 0.950893 0.232143 0.098214
8 0.093750 0.781250 0.178571 0.250000
8 0.058036 0.953125 0.107143 0.093750
8 0.042411 0.562500 0.075893 0.187500
8 0.227679 0.537946 0.258929 0.191964
8 0.046875 0.381696 0.084821 0.245536
8 0.205357 0.334821 0.241071 0.205357
8 0.104911 0.118304 0.200893 0.227679
