5 0.504464 0.513393 0.151786 0.196429
8 0.120536 0.377232 0.232143 0.272321
8 0.044643 0.171875 0.080357 0.245536
8 0.158482 0.069196 0.263393 0.129464
8 0.292411 0.486607 0.218750 0.232143
8 0.352679 0.700893 0.232143 0.223214
8 0.535714 0.837054 0.241071 0.227679
8 0.678571 0.948661 0.223214 0.102679
8 0.906250 0.939732 0.187500 0.120536
8 0.765625 0.582589 0.218750 0.218750
8 0.941964 0.555804 0.116071 0.218750
8 0.964286 0.332589 0.071429 0.236607
8 0.881696 0.082589 0.236607 0.156250
8 0.707589 0.160714 0.236607 0.205357
8 0.716518 0.377232 0.272321 0.236607
8 0.051339 0.832589 0.093750 0.236607
