5 0.520089 0.500000 0.156250 0.133929
5 0.468750 0.645089 0.116071 0.084821
8 0.819196 0.502232 0.209821 0.209821
8 0.633929 0.412946 0.196429 0.209821
8 0.642857 0.629464 0.196429 0.205357
8 0.816964 0.752232 0.214286 0.245536
8 0.919643 0.890625 0.160714 0.218750
8 0.687500 0.904018 0.223214 0.191964
8 0.486607 0.935268 0.205357 0.129464
8 0.493304 0.761161 0.209821 0.191964
8 0.294643 0.863839 0.187500 0.200893
8 0.941964 0.332589 0.116071 0.227679
8 0.745536 0.203125 0.205357 0.183036
8 0.546875 0.241071 0.209821 0.187500
8 0.375000 0.133929 0.178571 0.232143
8 0.160714 0.127232 0.223214 0.218750
8 0.037946 0.238839 0.066964 0.174107
8 0.142857 0.397321 0.241071 0.232143
8 0.261161 0.598214 0.236607 0.232143
8 0.073661 0.910714 0.138393 0.178571
8 0.587054 0.071429 0.218750 0.133929
8 0.812500 0.051339 0.196429 0.093750
8 0.959821 0.064732 0.080357 0.120536
