5 0.506696 0.520089 0.200893 0.191964
5 0.866071 0.444196 0.116071 0.093750
8 0.404018 0.339286 0.209821 0.214286
8 0.705357 0.325893 0.267857 0.205357
8 0.738839 0.551339 0.209821 0.227679
8 0.937500 0.564732 0.125000 0.227679
8 0.906250 0.812500 0.187500 0.258929
8 0.794643 0.950893 0.214286 0.098214
8 0.459821 0.729911 0.223214 0.227679
8 0.156250 0.691964 0.223214 0.232143
8 0.046875 0.229911 0.084821 0.245536
8 0.207589 0.111607 0.227679 0.214286
8 0.511161 0.125000 0.245536 0.214286
8 0.765625 0.127232 0.227679 0.245536
8 0.939732 0.060268 0.120536 0.111607
8 0.229911 0.970982 0.218750 0.058036
8 0.049107 0.962054 0.089286 0.075893
