5 0.511161 0.566964 0.183036 0.187500
8 0.437500 0.370536 0.232143 0.258929
8 0.631696 0.448661 0.191964 0.236607
8 0.821429 0.517857 0.178571 0.205357
8 0.877232 0.312500 0.227679 0.214286
8 0.774554 0.107143 0.218750 0.205357
8 0.546875 0.029018 0.191964 0.049107
8 0.218750 0.495536 0.214286 0.214286
8 0.339286 0.674107 0.205357 0.232143
8 0.174107 0.796875 0.196429 0.218750
8 0.024554 0.738839 0.040179 0.165179
8 0.044643 0.919643 0.080357 0.160714
8 0.714286 0.732143 0.196429 0.250000
8 0.926339 0.658482 0.147321 0.200893
8 0.810268 0.935268 0.227679 0.129464
