5 0.513393 0.517857 0.205357 0.187500
8 0.665179 0.388393 0.276786 0.258929
8 0.741071 0.185268 0.250000 0.245536
8 0.924107 0.401786 0.151786 0.267857
8 0.828125 0.636161 0.290179 0.254464
8 0.620536 0.832589 0.258929 0.245536
8 0.437500 0.946429 0.241071 0.107143
8 0.189732 0.941964 0.236607 0.116071
8 0.104911 0.716518 0.200893 0.245536
8 0.363839 0.647321 0.236607 0.223214
8 0.312500 0.399554 0.276786 0.272321
8 0.066964 0.428571 0.125000 0.303571
8 0.122768 0.091518 0.236607 0.174107
8 0.379464 0.091518 0.258929 0.174107
8 0.736607 0.033482 0.205357 0.058036
8 0.926339 0.051339 0.147321 0.093750
