5 0.504464 0.504464 0.187500 0.223214
8 0.642857 0.339286 0.232143 0.232143
8 0.685268 0.571429 0.209821 0.214286
8 0.727679 0.814732 0.232143 0.227679
8 0.948661 0.696429 0.102679 0.205357
8 0.955357 0.455357 0.089286 0.250000
8 0.866071 0.256696 0.205357 0.200893
8 0.890625 0.064732 0.209821 0.120536
8 0.975446 0.149554 0.049107 0.147321
8 0.676339 0.026786 0.183036 0.044643
8 0.122768 0.035714 0.218750 0.062500
8 0.051339 0.183036 0.093750 0.223214
8 0.183036 0.316964 0.232143 0.232143
8 0.098214 0.535714 0.187500 0.223214
8 0.330357 0.633929 0.214286 0.223214
8 0.504464 0.785714 0.205357 0.223214
8 0.238839 0.901786 0.227679 0.196429
8 0.475446 0.955357 0.218750 0.089286
8 0.091518 0.763393 0.174107 0.214286
