5 0.491071 0.529018 0.232143 0.200893
5 0.125000 0.725446 0.205357 0.165179
8 0.700893 0.145089 0.232143 0.200893
8 0.618304 0.118304 0.174107 0.227679
8 0.379464 0.156250 0.223214 0.205357
8 0.223214 0.040179 0.205357 0.071429
8 0.558036 0.330357 0.214286 0.205357
8 0.832589 0.421875 0.209821 0.200893
8 0.935268 0.191964 0.129464 0.214286
8 0.975446 0.555804 0.049107 0.191964
8 0.832589 0.020089 0.191964 0.031250
8 0.700893 0.609375 0.214286 0.236607
8 0.890625 0.741071 0.218750 0.232143
8 0.919643 0.939732 0.160714 0.120536
8 0.683036 0.859375 0.232143 0.218750
8 0.337054 0.406250 0.245536 0.214286
8 0.334821 0.627232 0.187500 0.218750
8 0.515625 0.712054 0.209821 0.200893
8 0.377232 0.941964 0.236607 0.116071
8 0.080357 0.899554 0.151786 0.200893
8 0.120536 0.537946 0.223214 0.209821
8 0.044643 0.417411 0.080357 0.209821
