5 0.486607 0.564732 0.223214 0.174107
5 0.968750 0.957589 0.062500 0.075893
8 0.145089 0.292411 0.227679 0.272321
8 0.296875 0.225446 0.218750 0.209821
8 0.412946 0.100446 0.209821 0.191964
8 0.645089 0.125000 0.209821 0.232143
8 0.863839 0.044643 0.227679 0.080357
8 0.959821 0.125000 0.080357 0.223214
8 0.964286 0.368304 0.071429 0.227679
8 0.787946 0.345982 0.227679 0.227679
8 0.448661 0.383929 0.316964 0.187500
8 0.053571 0.562500 0.098214 0.258929
8 0.084821 0.756696 0.160714 0.236607
8 0.245536 0.654018 0.196429 0.200893
8 0.401786 0.821429 0.232143 0.241071
8 0.560268 0.750000 0.218750 0.232143
8 0.796875 0.819196 0.254464 0.209821
8 0.906250 0.647321 0.187500 0.205357
8 0.973214 0.821429 0.053571 0.187500
8 0.700893 0.566964 0.205357 0.223214
