5 0.497768 0.522321 0.191964 0.214286
5 0.089286 0.915179 0.089286 0.125000
5 0.091518 0.060268 0.138393 0.111607
8 0.279018 0.814732 0.254464 0.227679
8 0.064732 0.712054 0.120536 0.245536
8 0.113839 0.520089 0.191964 0.227679
8 0.176339 0.310268 0.227679 0.227679
8 0.316964 0.558036 0.187500 0.241071
8 0.410714 0.314732 0.258929 0.236607
8 0.332589 0.071429 0.236607 0.133929
8 0.535714 0.122768 0.187500 0.236607
8 0.756696 0.111607 0.227679 0.214286
8 0.837054 0.330357 0.236607 0.232143
8 0.727679 0.537946 0.250000 0.227679
8 0.928571 0.600446 0.142857 0.245536
8 0.703125 0.743304 0.254464 0.191964
8 0.580357 0.904018 0.232143 0.191964
8 0.363839 0.953125 0.218750 0.093750
8 0.787946 0.937500 0.183036 0.125000
8 0.904018 0.962054 0.174107 0.075893
