5 0.500000 0.497768 0.169643 0.183036
8 0.562500 0.310268 0.250000 0.245536
8 0.700893 0.616071 0.223214 0.276786
8 0.897321 0.566964 0.205357 0.250000
8 0.899554 0.339286 0.200893 0.241071
8 0.950893 0.129464 0.098214 0.205357
8 0.821429 0.031250 0.223214 0.053571
8 0.263393 0.200893 0.276786 0.232143
8 0.095982 0.345982 0.183036 0.254464
8 0.316964 0.424107 0.267857 0.241071
8 0.281250 0.683036 0.196429 0.267857
8 0.470982 0.660714 0.218750 0.214286
8 0.444196 0.881696 0.227679 0.236607
8 0.776786 0.875000 0.241071 0.214286
8 0.959821 0.906250 0.080357 0.187500
8 0.093750 0.700893 0.178571 0.303571
8 0.029018 0.821429 0.049107 0.223214
8 0.167411 0.933036 0.236607 0.133929
8 0.176339 0.044643 0.236607 0.080357
