5 0.502232 0.508929 0.191964 0.214286
8 0.276786 0.125000 0.214286 0.232143
8 0.495536 0.093750 0.241071 0.178571
8 0.638393 0.216518 0.232143 0.236607
8 0.437500 0.323661 0.241071 0.227679
8 0.850446 0.122768 0.236607 0.236607
8 0.950893 0.216518 0.098214 0.191964
8 0.924107 0.410714 0.151786 0.258929
8 0.834821 0.524554 0.232143 0.209821
8 0.694196 0.404018 0.245536 0.183036
8 0.334821 0.544643 0.214286 0.276786
8 0.613839 0.591518 0.316964 0.200893
8 0.772321 0.727679 0.276786 0.258929
8 0.540179 0.767857 0.312500 0.223214
8 0.531250 0.921875 0.258929 0.156250
8 0.772321 0.915179 0.250000 0.169643
8 0.953125 0.910714 0.093750 0.178571
8 0.935268 0.709821 0.129464 0.276786
