5 0.033482 0.270089 0.058036 0.075893
5 0.595982 0.272321 0.058036 0.089286
5 0.962054 0.323661 0.075893 0.102679
5 0.500000 0.500000 0.241071 0.241071
8 0.564732 0.200893 0.281250 0.241071
8 0.696429 0.375000 0.187500 0.187500
8 0.870536 0.486607 0.205357 0.187500
8 0.955357 0.158482 0.089286 0.218750
8 0.926339 0.058036 0.147321 0.107143
8 0.747768 0.029018 0.200893 0.049107
8 0.071429 0.095982 0.133929 0.183036
8 0.321429 0.303571 0.169643 0.232143
8 0.792411 0.691964 0.218750 0.241071
8 0.450893 0.736607 0.223214 0.196429
8 0.285714 0.560268 0.196429 0.236607
8 0.120536 0.410714 0.169643 0.196429
8 0.136161 0.714286 0.218750 0.178571
8 0.522321 0.926339 0.205357 0.147321
