5 0.504464 0.517857 0.187500 0.160714
5 0.031250 0.383929 0.053571 0.160714
8 0.497768 0.145089 0.218750 0.236607
8 0.334821 0.042411 0.241071 0.075893
8 0.218750 0.345982 0.250000 0.254464
8 0.758929 0.149554 0.250000 0.227679
8 0.953125 0.069196 0.093750 0.129464
8 0.707589 0.417411 0.254464 0.218750
8 0.915179 0.558036 0.169643 0.258929
8 0.883929 0.801339 0.232143 0.245536
8 0.955357 0.921875 0.089286 0.156250
8 0.542411 0.685268 0.183036 0.209821
8 0.062500 0.832589 0.116071 0.236607
8 0.165179 0.937500 0.241071 0.125000
