5 0.515625 0.553571 0.200893 0.178571
8 0.705357 0.241071 0.250000 0.258929
8 0.928571 0.232143 0.142857 0.241071
8 0.464286 0.319196 0.267857 0.200893
8 0.129464 0.154018 0.232143 0.245536
8 0.216518 0.354911 0.245536 0.191964
8 0.299107 0.575893 0.258929 0.250000
8 0.758929 0.497768 0.205357 0.236607
8 0.899554 0.665179 0.200893 0.258929
8 0.977679 0.866071 0.044643 0.223214
8 0.834821 0.857143 0.250000 0.232143
8 0.700893 0.964286 0.196429 0.071429
8 0.366071 0.814732 0.250000 0.200893
8 0.453125 0.950893 0.218750 0.098214
8 0.223214 0.946429 0.223214 0.107143
