5 0.497768 0.500000 0.183036 0.178571
8 0.549107 0.216518 0.267857 0.209821
8 0.732143 0.401786 0.258929 0.258929
8 0.906250 0.263393 0.187500 0.196429
8 0.770089 0.055804 0.200893 0.102679
8 0.415179 0.078125 0.241071 0.147321
8 0.191964 0.102679 0.232143 0.196429
8 0.042411 0.207589 0.075893 0.236607
8 0.098214 0.424107 0.187500 0.223214
8 0.149554 0.660714 0.245536 0.214286
8 0.046875 0.921875 0.084821 0.156250
8 0.571429 0.680804 0.294643 0.245536
8 0.886161 0.662946 0.200893 0.263393
8 0.482143 0.901786 0.205357 0.196429
8 0.747768 0.944196 0.191964 0.111607
8 0.506696 0.973214 0.138393 0.053571
