3 0.477679 0.495536 0.446429 0.383929
3 0.296875 0.058036 0.075893 0.080357
3 0.776786 0.466518 0.098214 0.093750
8 0.392857 0.238839 0.241071 0.245536
8 0.241071 0.200893 0.241071 0.205357
8 0.216518 0.051339 0.165179 0.093750
8 0.055804 0.093750 0.102679 0.178571
8 0.546875 0.066964 0.236607 0.125000
8 0.571429 0.888393 0.187500 0.223214
8 0.819196 0.915179 0.218750 0.169643
8 0.977679 0.895089 0.044643 0.156250
8 0.404018 0.792411 0.209821 0.218750
8 0.272321 0.935268 0.214286 0.129464
8 0.078125 0.816964 0.147321 0.223214
