3 0.477679 0.497768 0.455357 0.513393
3 0.379464 0.174107 0.116071 0.071429
8 0.589286 0.149554 0.232143 0.209821
8 0.781250 0.281250 0.223214 0.214286
8 0.946429 0.183036 0.107143 0.178571
8 0.933036 0.046875 0.133929 0.084821
8 0.779018 0.073661 0.183036 0.138393
8 0.564732 0.020089 0.156250 0.031250
8 0.397321 0.066964 0.187500 0.125000
8 0.191964 0.042411 0.205357 0.075893
8 0.064732 0.109375 0.120536 0.200893
8 0.223214 0.209821 0.178571 0.232143
8 0.238839 0.433036 0.209821 0.205357
8 0.412946 0.263393 0.200893 0.178571
8 0.066964 0.500000 0.125000 0.232143
8 0.100446 0.783482 0.191964 0.299107
8 0.267857 0.656250 0.205357 0.232143
8 0.341518 0.888393 0.218750 0.223214
8 0.571429 0.834821 0.250000 0.205357
8 0.805804 0.821429 0.183036 0.241071
8 0.948661 0.863839 0.102679 0.227679
8 0.727679 0.970982 0.169643 0.058036
8 0.535714 0.975446 0.142857 0.049107
