3 0.500000 0.544643 0.437500 0.455357
8 0.299107 0.283482 0.178571 0.174107
8 0.104911 0.308036 0.200893 0.223214
8 0.252232 0.058036 0.200893 0.107143
8 0.582589 0.075893 0.191964 0.142857
8 0.852679 0.089286 0.232143 0.169643
8 0.676339 0.142857 0.174107 0.169643
8 0.589286 0.363839 0.223214 0.191964
8 0.808036 0.558036 0.223214 0.205357
8 0.888393 0.848214 0.187500 0.223214
8 0.700893 0.761161 0.160714 0.236607
8 0.484375 0.839286 0.227679 0.187500
8 0.667411 0.946429 0.209821 0.107143
8 0.093750 0.863839 0.178571 0.183036
8 0.118304 0.694196 0.227679 0.191964
