3 0.502232 0.531250 0.397321 0.455357
8 0.602679 0.207589 0.151786 0.191964
8 0.792411 0.104911 0.183036 0.174107
8 0.841518 0.314732 0.165179 0.191964
8 0.966518 0.218750 0.066964 0.187500
8 0.301339 0.136161 0.200893 0.165179
8 0.433036 0.046875 0.205357 0.084821
8 0.109375 0.080357 0.165179 0.151786
8 0.129464 0.520089 0.205357 0.191964
8 0.200893 0.537946 0.151786 0.174107
8 0.171875 0.743304 0.165179 0.183036
8 0.377232 0.756696 0.218750 0.174107
8 0.575893 0.816964 0.196429 0.205357
8 0.725446 0.683036 0.191964 0.178571
8 0.950893 0.609375 0.098214 0.174107
8 0.821429 0.946429 0.196429 0.107143
8 0.395089 0.915179 0.156250 0.169643
8 0.241071 0.964286 0.160714 0.071429
8 0.069196 0.979911 0.129464 0.040179
