3 0.484375 0.506696 0.549107 0.495536
8 0.250000 0.245536 0.214286 0.187500
8 0.169643 0.312500 0.223214 0.205357
8 0.071429 0.424107 0.133929 0.196429
8 0.031250 0.256696 0.053571 0.191964
8 0.263393 0.069196 0.223214 0.129464
8 0.488839 0.127232 0.183036 0.245536
8 0.729911 0.180804 0.227679 0.218750
8 0.694196 0.075893 0.245536 0.142857
8 0.870536 0.035714 0.196429 0.062500
8 0.924107 0.495536 0.151786 0.214286
8 0.812500 0.602679 0.232143 0.276786
8 0.959821 0.859375 0.080357 0.209821
8 0.859375 0.908482 0.218750 0.183036
8 0.462054 0.814732 0.227679 0.218750
8 0.194196 0.716518 0.218750 0.245536
8 0.194196 0.493304 0.174107 0.227679
8 0.037946 0.714286 0.066964 0.142857
8 0.051339 0.919643 0.093750 0.160714
