3 0.513393 0.508929 0.473214 0.419643
8 0.250000 0.136161 0.205357 0.183036
8 0.225446 0.267857 0.218750 0.160714
8 0.178571 0.468750 0.205357 0.241071
8 0.216518 0.696429 0.209821 0.205357
8 0.165179 0.767857 0.196429 0.205357
8 0.040179 0.709821 0.071429 0.196429
8 0.441964 0.837054 0.223214 0.183036
8 0.662946 0.843750 0.200893 0.214286
8 0.854911 0.948661 0.227679 0.102679
8 0.944196 0.794643 0.111607 0.205357
8 0.803571 0.642857 0.205357 0.214286
8 0.785714 0.473214 0.187500 0.250000
8 0.937500 0.508929 0.125000 0.223214
8 0.736607 0.263393 0.250000 0.205357
8 0.647321 0.107143 0.232143 0.205357
8 0.904018 0.107143 0.183036 0.205357
8 0.049107 0.060268 0.089286 0.111607
8 0.087054 0.950893 0.165179 0.098214
