3 0.477679 0.482143 0.544643 0.517857
3 0.948661 0.430804 0.093750 0.120536
8 0.674107 0.142857 0.223214 0.205357
8 0.687500 0.071429 0.232143 0.133929
8 0.906250 0.261161 0.187500 0.200893
8 0.966518 0.093750 0.066964 0.169643
8 0.357143 0.058036 0.223214 0.107143
8 0.140625 0.064732 0.209821 0.120536
8 0.149554 0.334821 0.227679 0.250000
8 0.154018 0.520089 0.191964 0.209821
8 0.109375 0.709821 0.209821 0.205357
8 0.294643 0.810268 0.214286 0.236607
8 0.504464 0.861607 0.214286 0.214286
8 0.734375 0.962054 0.183036 0.075893
8 0.718750 0.794643 0.223214 0.214286
8 0.870536 0.598214 0.214286 0.232143
8 0.924107 0.834821 0.151786 0.214286
8 0.225446 0.977679 0.156250 0.044643
