3 0.502232 0.506696 0.495536 0.486607
8 0.705357 0.274554 0.241071 0.183036
8 0.895089 0.227679 0.209821 0.241071
8 0.379464 0.185268 0.241071 0.191964
8 0.254464 0.087054 0.196429 0.165179
8 0.127232 0.258929 0.200893 0.223214
8 0.031250 0.430804 0.053571 0.200893
8 0.200893 0.709821 0.223214 0.187500
8 0.082589 0.866071 0.156250 0.178571
8 0.611607 0.823661 0.187500 0.218750
8 0.785714 0.669643 0.178571 0.232143
8 0.935268 0.520089 0.129464 0.236607
8 0.770089 0.448661 0.183036 0.174107
8 0.946429 0.810268 0.107143 0.218750
8 0.904018 0.948661 0.191964 0.102679
8 0.504464 0.049107 0.160714 0.089286
